0.32409999999999733,2.186929183409e-05
0.3241999999999973,4.3828279349423863e-05
0.3242999999999973,6.587751550212762e-05
0.3243999999999973,8.801755780343108e-05
0.3244999999999973,0.00011073960290624102
0.3245999999999973,0.00013420202801049975
0.32469999999999727,0.00015813326448901004
0.32479999999999726,0.0001825475053795412
0.32489999999999725,0.00020671730200869974
0.32499999999999724,0.00022775381704148148
0.3250999999999972,0.00028439008126418595
0.3251999999999972,0.00034008928327719187
0.3252999999999972,0.0003948744881893941
0.3253999999999972,0.00045090888451285773
0.3254999999999972,0.0005071594693746171
0.32559999999999717,0.0005631607548654526
0.32569999999999716,0.0006189143946417133
0.32579999999999715,0.0006730623418060666
0.32589999999999714,0.0007246220070830106
0.3259999999999971,0.0007754523150302801
0.3260999999999971,0.0009192453295661599
0.3261999999999971,0.0010610452375050276
0.3262999999999971,0.0012052093905331141
0.3263999999999971,0.0013484144160184758
0.32649999999999707,0.0014906698538740442
0.32659999999999706,0.0016319851179131695
0.32669999999999705,0.001776818954610761
0.32679999999999704,0.0019247076959634072
0.326899999999997,0.0020728679022069037
0.326999999999997,0.0022213003214801978
0.327099999999997,0.0025396519734052253
0.327199999999997,0.002856656348830515
0.327299999999997,0.0031737447084695235
0.32739999999999697,0.003490917085701676
0.32749999999999696,0.0038081735139241005
0.32759999999999695,0.004146019345574421
0.32769999999999694,0.0044943795773482766
0.3277999999999969,0.004847445317668059
0.3278999999999969,0.0052053125549680855
0.3279999999999969,0.005543338375930445
0.3280999999999969,0.006089260963802504
0.3281999999999969,0.0066282365465147024
0.32829999999999687,0.0071603968893235006
0.32839999999999686,0.007685870446137671
0.32849999999999685,0.00820606697157221
0.32859999999999684,0.008720113615401523
0.32869999999999683,0.009227993500828835
0.3287999999999968,0.00972981693543882
0.3288999999999968,0.010238498178971553
0.3289999999999968,0.010757858294540639
0.3290999999999968,0.011572600070279618
0.3291999999999968,0.012382109818877338
0.32929999999999676,0.013187070511408024
0.32939999999999675,0.014017962654155591
0.32949999999999674,0.014847304003444544
0.32959999999999673,0.01567509889687417
0.3296999999999967,0.01650135165588236
0.3297999999999967,0.017343381197458548
0.3298999999999967,0.018199178567525728
0.3299999999999967,0.019056378294133897
0.3300999999999967,0.02021585191271996
0.33019999999999666,0.021378781591270886
0.33029999999999665,0.022556384988613065
0.33039999999999664,0.023737416240580737
0.33049999999999663,0.02492189033606651
0.3305999999999966,0.02610982235147928
0.3306999999999966,0.027309609981210493
0.3307999999999966,0.028518307505159175
0.3308999999999966,0.0297316943057716
0.3309999999999966,0.030949797724942375
0.33109999999999656,0.032390858389607445
0.33119999999999655,0.033663658780328176
0.33129999999999654,0.0349256872067494
0.33139999999999653,0.036177079840579676
0.3314999999999965,0.037417970567973996
0.3315999999999965,0.03865376009530979
0.3316999999999965,0.03988179777861967
0.3317999999999965,0.04110011957725021
0.3318999999999965,0.042308840340844596
0.33199999999999646,0.043524024162826476
0.33209999999999645,0.04494534339898797
0.33219999999999644,0.046360044506554066
0.33229999999999643,0.04776817360241794
0.3323999999999964,0.04916977637599815
0.3324999999999964,0.050629824058838785
0.3325999999999964,0.05210976494722709
0.3326999999999964,0.05358795846458173
0.3327999999999964,0.0550644077037668
0.33289999999999637,0.056545318173702966
0.33299999999999635,0.0580436409144314
0.33309999999999634,0.0596571800853588
0.33319999999999633,0.06127021801921021
0.3332999999999963,0.06288275494950499
0.3333999999999963,0.06467329348799072
0.3334999999999963,0.06653335821623134
0.3335999999999963,0.06840658673481242
0.3336999999999963,0.07029311928137712
0.33379999999999627,0.07206588145366953
0.33389999999999626,0.07345576206991725
0.33399999999999624,0.07483599648324477
0.33409999999999623,0.07623379174049943
0.3341999999999962,0.0776219527295814
0.3342999999999962,0.07905400647270577
0.3343999999999962,0.08049730882794918
0.3344999999999962,0.08193336745315925
0.3345999999999962,0.08336223674471421
0.33469999999999617,0.08479400508114983
0.33479999999999616,0.08625449444830341
0.33489999999999615,0.08770926339483508
0.33499999999999613,0.08915834546352842
0.3350999999999961,0.09055531700778373
0.3351999999999961,0.09199661203878093
0.3352999999999961,0.09345548601692871
0.3353999999999961,0.09491093958000045
0.3354999999999961,0.09636298474295492
0.33559999999999607,0.09781793599302852
0.33569999999999606,0.09930057442165116
0.33579999999999605,0.10078086315566276
0.33589999999999604,0.10225880777635664
0.335999999999996,0.10373441384736366
0.336099999999996,0.10526687406610666
0.336199999999996,0.10685805134137044
0.336299999999996,0.10845148257321167
0.336399999999996,0.11004717255423371
0.33649999999999597,0.11162948012382434
0.33659999999999596,0.11306336388041485
0.33669999999999595,0.11449507459528248
0.33679999999999594,0.11592461720453326
0.3368999999999959,0.11735199662933468
0.3369999999999959,0.11892857785376658
0.3370999999999959,0.12053559854523946
0.3371999999999959,0.1221476720330725
0.3372999999999959,0.12376482218530517
0.33739999999999587,0.12538707302053784
0.33749999999999586,0.12647072163167303
0.33759999999999585,0.12754576898669948
0.33769999999999584,0.12861497921624612
0.3377999999999958,0.12967839973187778
0.3378999999999958,0.13077636587255054
0.3379999999999958,0.13192165735254424
0.3380999999999958,0.1329981013047424
0.3381999999999958,0.13407027920096928
0.33829999999999577,0.13513821635128953
0.33839999999999576,0.1362944913263061
0.33849999999999575,0.13746172788761207
0.33859999999999574,0.1386261839673625
0.3386999999999957,0.13978786948884217
0.3387999999999957,0.1409645087159937
0.3388999999999957,0.14218068230129005
0.3389999999999957,0.14339499374233833
0.3390999999999957,0.1445221319042221
0.33919999999999567,0.1456475468868931
0.33929999999999566,0.14679840637136335
0.33939999999999565,0.1479585711099381
0.33949999999999564,0.14911756073967522
0.3395999999999956,0.15027537704503927
0.3396999999999956,0.15145894643331242
0.3397999999999956,0.1528143630590701
0.3398999999999956,0.15417195667945402
0.3399999999999956,0.15553173254353095
0.3400999999999956,0.1568402416877214
0.34019999999999556,0.15797931454311084
0.34029999999999555,0.15897417469256894
0.34039999999999554,0.15996668473503456
0.34049999999999553,0.16095685298798904
0.3405999999999955,0.1619446877297107
0.3406999999999955,0.162887191395885
0.3407999999999955,0.1638246647418741
0.3408999999999955,0.1647594183857409
0.3409999999999955,0.16569146414552668
0.34109999999999546,0.16654050975937282
0.34119999999999545,0.1674313243918425
0.34129999999999544,0.1683202825813993
0.34139999999999543,0.16920739012519698
0.3414999999999954,0.17009265279627728
0.3415999999999954,0.1710155606128011
0.3416999999999954,0.1719511169096119
0.3417999999999954,0.1728853171998202
0.3418999999999954,0.17381816442940953
0.34199999999999536,0.17474975852322974
0.34209999999999535,0.17555627184159886
0.34219999999999534,0.17636162688151427
0.34229999999999533,0.177165826136393
0.3423999999999953,0.17796887209249496
0.3424999999999953,0.1787909040566013
0.3425999999999953,0.17963211672789242
0.3426999999999953,0.1804725031240339
0.3427999999999953,0.1813120644618325
0.34289999999999526,0.18215080195570688
0.34299999999999525,0.18299691323500147
0.34309999999999524,0.18374485586994882
0.34319999999999523,0.18449214222765678
0.3432999999999952,0.1852387731715205
0.3433999999999952,0.1859957709530382
0.3434999999999952,0.1867874369591452
0.3435999999999952,0.18757880168060925
0.3436999999999952,0.18836986528938762
0.34379999999999517,0.18916062795730682
0.34389999999999515,0.18994403202908916
0.34399999999999514,0.19072233167279523
0.34409999999999513,0.19141856051756378
0.3441999999999951,0.19211443841130973
0.3442999999999951,0.1928099656193283
0.3443999999999951,0.19330694959536251
0.3444999999999951,0.1937927245995249
0.3445999999999951,0.1942772135307758
0.34469999999999507,0.19476042148961525
0.34479999999999505,0.19526511808745073
0.34489999999999504,0.19582194543098116
0.34499999999999503,0.19637773782814813
0.345099999999995,0.1967946996031917
0.345199999999995,0.19721088783056154
0.345299999999995,0.19764935092211705
0.345399999999995,0.1981000645003848
0.345499999999995,0.19855010773327217
0.34559999999999497,0.1989994821151726
0.34569999999999496,0.19944818913604132
0.34579999999999494,0.19988856097021815
0.34589999999999493,0.2003280497127206
0.3459999999999949,0.20076685277054662
0.3460999999999949,0.2011106412003575
0.3461999999999949,0.20145928002608823
0.3462999999999949,0.20181977302270002
0.3463999999999949,0.2021797686604426
0.34649999999999487,0.2025392679678877
0.34659999999999486,0.20289827197077326
0.34669999999999485,0.2032743296094175
0.34679999999999483,0.2036604578364726
0.3468999999999948,0.20404616145691695
0.3469999999999948,0.20443144117074483
0.3470999999999948,0.20472159636326548
0.3471999999999948,0.20504486766896726
0.3472999999999948,0.20536998274993926
0.34739999999999477,0.2056948537053554
0.34749999999999476,0.20601948081007979
0.34759999999999475,0.20632169337563475
0.34769999999999474,0.20655725577573203
0.3477999999999947,0.20679244000676097
0.3478999999999947,0.2070272469786532
0.3479999999999947,0.2072616775984236
0.3480999999999947,0.20742585511414716
0.3481999999999947,0.20760203126703503
0.34829999999999467,0.20777797212177596
0.34839999999999466,0.2079536781494464
0.34849999999999465,0.20812914981986588
0.34859999999999464,0.20831335912307414
0.3486999999999946,0.2084989191671095
0.3487999999999946,0.20868425094448176
0.3488999999999946,0.20886935487613534
0.3489999999999946,0.20905547114686557
0.3490999999999946,0.209175730159464
0.34919999999999457,0.20929585171734072
0.34929999999999456,0.20941583605602904
0.34939999999999455,0.2095356834105204
0.34949999999999454,0.20965784984538885
0.3495999999999945,0.20978320817360585
0.3496999999999945,0.20990843052667554
0.3497999999999945,0.2100335171257148
0.3498999999999945,0.21015846819136116
0.3499999999999945,0.21028053871296906
0.35009999999999447,0.2103237074913383
0.35019999999999446,0.21036682797049527
0.35029999999999445,0.21040990023145792
0.35039999999999444,0.21045292435505888
0.3504999999999944,0.2104920783568047
0.3505999999999944,0.2105310828702318
0.3506999999999944,0.21057004241430108
0.3507999999999944,0.21060895706673707
0.3508999999999944,0.21065571878079867
0.35099999999999437,0.21072765996923862
0.35109999999999436,0.21071851986308726
0.35119999999999435,0.21070938739879194
0.35129999999999434,0.21070026256677735
0.35139999999999433,0.21069356619527554
0.3514999999999943,0.2106893275331503
0.3515999999999943,0.21068509221321446
0.3516999999999943,0.21068086023151655
0.3517999999999943,0.2106766315841115
0.3518999999999943,0.21062339719559953
0.35199999999999426,0.21055379868941398
0.35209999999999425,0.21042132358053509
0.35219999999999424,0.21028903471156518
0.35229999999999423,0.2101569316900461
0.3523999999999942,0.21004560041036205
0.3524999999999942,0.20993452139778712
0.3525999999999942,0.20982357627958007
0.3526999999999942,0.20971276481379283
0.3527999999999942,0.2096032259582948
0.35289999999999416,0.20949755356025332
0.35299999999999415,0.20939200332569807
0.35309999999999414,0.2092682330734799
0.35319999999999413,0.20914460574170257
0.3532999999999941,0.2090233929775297
0.3533999999999941,0.20890491545816034
0.3534999999999941,0.20878656900088793
0.3535999999999941,0.20866835338835757
0.3536999999999941,0.20855026840369476
0.35379999999999406,0.20843688399902657
0.35389999999999405,0.2083256466516587
0.35399999999999404,0.2082145249918305
0.35409999999999403,0.20803518420544231
0.354199999999994,0.2078560297408183
0.354299999999994,0.20767835281905367
0.354399999999994,0.20750098193128005
0.354499999999994,0.20732379262018816
0.354599999999994,0.2071467846070972
0.35469999999999396,0.2069705091642024
0.35479999999999395,0.2067982409709739
0.35489999999999394,0.2066261414864225
0.35499999999999393,0.20645421046283519
0.3550999999999939,0.20623986004829453
0.3551999999999939,0.2060244669240045
0.3552999999999939,0.2058067792558199
0.3553999999999939,0.20558931219345272
0.3554999999999939,0.20537206540172825
0.35559999999999387,0.2051550385461502
0.35569999999999385,0.20494191406333168
0.35579999999999384,0.2047322172303053
0.35589999999999383,0.20452271826408477
0.3559999999999938,0.20431341688474602
0.3560999999999938,0.20404764417933022
0.3561999999999938,0.20378343586430958
0.3562999999999938,0.20351996520304289
0.3563999999999938,0.2032567379013118
0.35649999999999377,0.2029937536220966
0.35659999999999376,0.20273101202899974
0.35669999999999374,0.20247435929986987
0.35679999999999373,0.20221847338120053
0.3568999999999937,0.20196280714945755
0.3569999999999937,0.20170736032184908
0.3570999999999937,0.20145663419003101
0.3571999999999937,0.20120018500329465
0.3572999999999937,0.2009439723275452
0.35739999999999367,0.2006879958357491
0.35749999999999366,0.2004322552014755
0.35759999999999365,0.20017779578523015
0.35769999999999363,0.19992639003571394
0.3577999999999936,0.1996752059039283
0.3578999999999936,0.19942424309696355
0.3579999999999936,0.1991735013224259
0.3580999999999936,0.19886345981111217
0.3581999999999936,0.1985525438042422
0.35829999999999357,0.19824190767046082
0.35839999999999356,0.1979315510320438
0.35849999999999355,0.197621473511946
0.35859999999999354,0.19731619541921364
0.3586999999999935,0.19701419366077114
0.3587999999999935,0.19671244009778963
0.3588999999999935,0.19641093442443142
0.3589999999999935,0.19610967633536094
0.3590999999999935,0.19580575280316914
0.35919999999999347,0.19550233911848675
0.35929999999999346,0.19519917096211556
0.35939999999999345,0.19489624803614647
0.35949999999999344,0.19459357004315228
0.3595999999999934,0.19428428077863405
0.3596999999999934,0.19397452440691498
0.3597999999999934,0.1936650423614116
0.3598999999999934,0.1933558342778625
0.3599999999999934,0.19304695810793562
0.36009999999999337,0.19274610286637375
0.36019999999999336,0.1924455095013919
0.36029999999999335,0.19214517767121625
0.36039999999999334,0.19184510703466812
0.3604999999999933,0.19154306819419217
0.3605999999999933,0.19123113085526616
0.3606999999999933,0.19091950481811681
0.3607999999999933,0.1906081896169752
0.3608999999999933,0.19029718478700128
0.36099999999999327,0.1899829255500427
0.36109999999999326,0.18961392827623283
0.36119999999999325,0.18924534316487984
0.36129999999999324,0.18887716952580672
0.3613999999999932,0.18850940667037344
0.3614999999999932,0.188138709995821
0.3615999999999932,0.18776402129003358
0.3616999999999932,0.18738978082247273
0.3617999999999932,0.18701598778928158
0.36189999999999317,0.18664264138852402
0.36199999999999316,0.18626951128703775
0.36209999999999315,0.18594825106889684
0.36219999999999314,0.1856273754739834
0.3622999999999931,0.18530688381198196
0.3623999999999931,0.18498677539423133
0.3624999999999931,0.18466989913033607
0.3625999999999931,0.1843548927337635
0.3626999999999931,0.18404024753347886
0.3627999999999931,0.18372596290859963
0.36289999999999306,0.18341203823966523
0.36299999999999305,0.18310324580607912
0.36309999999999304,0.18277358519670758
0.36319999999999303,0.18244427885314385
0.363299999999993,0.18211532620463503
0.363399999999993,0.18178672668165183
0.363499999999993,0.18146201874734288
0.363599999999993,0.18113825823412488
0.363699999999993,0.1808148299346697
0.36379999999999296,0.1804917333379079
0.36389999999999295,0.180168967933818
0.36399999999999294,0.17985218195755745
0.36409999999999293,0.17956662115907968
0.3641999999999929,0.17928133361753043
0.3642999999999929,0.1789963189408702
0.3643999999999929,0.17871159983106252
0.3644999999999929,0.17842810410031504
0.3645999999999929,0.17814487604017512
0.36469999999999286,0.17786191527172832
0.36479999999999285,0.1775792214167751
0.36489999999999284,0.17729674324979255
0.36499999999999283,0.17701407148872375
0.3650999999999928,0.17674116848551258
0.3651999999999928,0.17646852399460933
0.3652999999999928,0.1761961376488665
0.3653999999999928,0.17592409806962062
0.3654999999999928,0.17565275406359024
0.36559999999999276,0.17538166498026103
0.36569999999999275,0.17511083046055914
0.36579999999999274,0.17484025014608442
0.36589999999999273,0.1745708384082141
0.3659999999999927,0.17430471895829164
0.3660999999999927,0.17403267585543952
0.3661999999999927,0.1737608752966094
0.3662999999999927,0.1734893169575807
0.3663999999999927,0.17321793363432114
0.36649999999999266,0.17294662594612445
0.36659999999999265,0.1726755604455427
0.36669999999999264,0.17240473680843083
0.36679999999999263,0.17213415471122218
0.3668999999999926,0.1718641806039644
0.3669999999999926,0.1715951707092932
0.3670999999999926,0.17137565031251129
0.3671999999999926,0.17115632256671734
0.3672999999999926,0.17093718721841322
0.36739999999999257,0.1707185934537476
0.36749999999999255,0.170500764636169
0.36759999999999254,0.170283124294901
0.36769999999999253,0.17006567218543092
0.3677999999999925,0.1698484080636687
0.3678999999999925,0.16963148246777282
0.3679999999999925,0.16941495731402836
0.3680999999999925,0.16922620379074443
0.3681999999999925,0.16903761235437748
0.36829999999999247,0.16884918279623345
0.36839999999999246,0.16866107454495577
0.36849999999999244,0.16847332808748167
0.36859999999999243,0.16828574177405092
0.3686999999999924,0.1680983153998512
0.3687999999999924,0.16791104876041935
0.3688999999999924,0.16772410756005615
0.3689999999999924,0.1675375159900165
0.3690999999999924,0.16734666426991127
0.36919999999999237,0.1671559741167996
0.36929999999999236,0.16696544532560517
0.36939999999999235,0.16677524733103438
0.36949999999999233,0.1665853931004097
0.3695999999999923,0.16639569851789646
0.3696999999999923,0.16620616338220753
0.3697999999999923,0.16601678749239404
0.3698999999999923,0.16582774156215233
0.3699999999999923,0.16563903229868865
0.37009999999999227,0.16551597537283103
0.37019999999999226,0.16539302114758453
0.37029999999999225,0.16527016949443019
0.37039999999999224,0.1651475903574212
0.3704999999999922,0.16502528926485974
0.3705999999999922,0.16490308955991725
0.3706999999999922,0.16478099111657044
0.3707999999999922,0.1646589938090048
0.3708999999999922,0.16453726449636322
0.37099999999999217,0.16441581192220114
0.37109999999999216,0.16427808150272694
0.37119999999999215,0.1641404644051146
0.37129999999999214,0.16400296048956436
0.3713999999999921,0.16386573118134024
0.3714999999999921,0.16372879291776962
0.3715999999999921,0.16359196657142047
0.3716999999999921,0.16345525200514688
0.3717999999999921,0.16331864908202687
0.37189999999999207,0.16318231159848354
0.37199999999999206,0.1630462681813599
0.37209999999999205,0.16293523802268733
0.37219999999999204,0.16282429792734324
0.372299999999992,0.16271344778578636
0.372399999999992,0.16260283173440912
0.372499999999992,0.16249249502627353
0.372599999999992,0.16238224722102496
0.372699999999992,0.16227208821125758
0.37279999999999197,0.1621620178897384
0.37289999999999196,0.16205217423606438
0.37299999999999195,0.16194262605928694
0.37309999999999194,0.16187048507076435
0.3731999999999919,0.16179840176215723
0.3732999999999919,0.16172637606431367
0.3733999999999919,0.1616551329423898
0.3734999999999919,0.1615852289722393
0.3735999999999919,0.16151537906966726
0.37369999999999187,0.16144558317196978
0.37379999999999186,0.16137584121653975
0.37389999999999185,0.16130572516955147
0.37399999999999184,0.16123473563292057
0.37409999999999183,0.1612114829037329
0.3741999999999918,0.16118824850805194
0.3742999999999918,0.16116503242419958
0.3743999999999918,0.16114197504573377
0.3744999999999918,0.1611193287293441
0.3745999999999918,0.1610967000905008
0.37469999999999176,0.16107408910851365
0.37479999999999175,0.16105149576272448
0.37489999999999174,0.16102931274162935
0.37499999999999173,0.16100867789221798
0.3750999999999917,0.16104539741409443
0.3751999999999917,0.1610820892155505
0.3752999999999917,0.16111875332795986
0.3753999999999917,0.16115551465237204
0.3754999999999917,0.1611930274017802
0.37559999999999166,0.16123051229486654
0.37569999999999165,0.16126796936264798
0.37579999999999164,0.1613053986360954
0.37589999999999163,0.1613428684113622
0.3759999999999916,0.16138128690609205
0.3760999999999916,0.1614528529959233
0.3761999999999916,0.1615243669850072
0.3762999999999916,0.16159582893021493
0.3763999999999916,0.16166723888833778
0.37649999999999156,0.16174090139669445
0.37659999999999155,0.16181454590485017
0.37669999999999154,0.16188813902181617
0.37679999999999153,0.16196168080136705
0.3768999999999915,0.1620351712972023
0.3769999999999915,0.162110724916249
0.3770999999999915,0.1622441702357099
0.3771999999999915,0.1623775264602733
0.3772999999999915,0.16251079367913096
0.37739999999999146,0.1626439719813605
0.37749999999999145,0.16277850041340858
0.37759999999999144,0.16291328847227352
0.37769999999999143,0.1630479896423984
0.3777999999999914,0.16318260400777304
0.3778999999999914,0.16331713165227912
0.3779999999999914,0.1634526839731277
0.3780999999999914,0.1637169294166329
0.3781999999999914,0.16398100987828085
0.37829999999999137,0.16424492551252218
0.37839999999999135,0.16450867647362583
0.37849999999999134,0.16477175045783263
0.37859999999999133,0.16503431439235383
0.3786999999999913,0.16529671192497272
0.3787999999999913,0.16555894321382686
0.3788999999999913,0.1658210084168535
0.3789999999999913,0.16608210718379876
0.3790999999999913,0.1664500586508815
0.37919999999999127,0.16681776998194178
0.37929999999999126,0.16718524141197336
0.37939999999999124,0.16755247317567273
0.37949999999999123,0.16791860803341566
0.3795999999999912,0.16828299546939768
0.3796999999999912,0.16864713525610198
0.3797999999999912,0.16901102764590836
0.3798999999999912,0.16937467289085362
0.3799999999999912,0.16973661031248638
0.38009999999999117,0.17022210941356114
0.38019999999999116,0.17070724367743986
0.38029999999999115,0.1711920135152021
0.38039999999999113,0.17167641933732142
0.3804999999999911,0.17216004258436718
0.3805999999999911,0.17263954874410067
0.3806999999999911,0.17311867209930565
0.3807999999999911,0.1735974131082063
0.3808999999999911,0.17407577222829562
0.38099999999999107,0.17455374991633696
0.38109999999999106,0.17520085986209744
0.38119999999999105,0.17584734126612753
0.38129999999999103,0.176493290570134
0.381399999999991,0.17713870843078075
0.381499999999991,0.17778359550365136
0.381599999999991,0.17842713248724076
0.381699999999991,0.17906994207486254
0.381799999999991,0.17971221639362453
0.38189999999999097,0.18035395611182745
0.38199999999999096,0.1809951618966605
0.38209999999999095,0.18177448660590514
0.38219999999999094,0.18255381510817312
0.3822999999999909,0.1833325118363759
0.3823999999999909,0.18411057755843743
0.3824999999999909,0.1848880130410379
0.3825999999999909,0.18566588731602118
0.3826999999999909,0.1864442484987173
0.38279999999999087,0.1872219981432065
0.38289999999999086,0.1879991369699104
0.38299999999999085,0.1887756656981194
0.38309999999999084,0.1897295552143168
0.3831999999999908,0.19068437356232198
0.3832999999999908,0.1916384678398692
0.3833999999999908,0.1925918388702763
0.3834999999999908,0.19354448747561334
0.3835999999999908,0.19449675096560703
0.38369999999999077,0.19545027819001595
0.38379999999999076,0.19640310629674976
0.38389999999999075,0.19735523605440705
0.38399999999999074,0.19830666823046006
0.3840999999999907,0.1994208724856438
0.3841999999999907,0.20053689136379504
0.3842999999999907,0.20165222677214092
0.3843999999999907,0.20276677657731307
0.3844999999999907,0.20388054160904642
0.38459999999999067,0.20499352269590765
0.38469999999999066,0.20610536895975654
0.38479999999999065,0.20721632472742746
0.38489999999999064,0.2083264944463838
0.3849999999999906,0.209435878950575
0.3850999999999906,0.21074136835119722
0.3851999999999906,0.21204724739255915
0.3852999999999906,0.21335319978399356
0.3853999999999906,0.2146582579098273
0.3854999999999906,0.21596242268828342
0.38559999999999056,0.2172656950363286
0.38569999999999055,0.21856789724160264
0.38579999999999054,0.2198689000865161
0.38589999999999053,0.22116900782816462
0.3859999999999905,0.22246822138999073
0.3860999999999905,0.22391446742669072
0.3861999999999905,0.22536006615902357
0.3862999999999905,0.2268065398140673
0.3863999999999905,0.2282520481799908
0.38649999999999046,0.2296965922227353
0.38659999999999045,0.23114017290695357
0.38669999999999044,0.2325827911960121
0.38679999999999043,0.23402508108729406
0.3868999999999904,0.23546645928063017
0.3869999999999904,0.2369068857983914
0.3870999999999904,0.23849992636719086
0.3871999999999904,0.2400919158187594
0.3872999999999904,0.2416831598496251
0.38739999999999036,0.24327348193217205
0.38749999999999035,0.24486276134177318
0.38759999999999034,0.24645099910351373
0.38769999999999033,0.24803819624113585
0.3877999999999903,0.2496245645922806
0.3878999999999903,0.2512101263190472
0.3879999999999903,0.25279465576199023
0.3880999999999903,0.2545266787237761
0.3881999999999903,0.25625757478148276
0.38829999999999026,0.2579874535243895
0.38839999999999025,0.2597165537759372
0.38849999999999024,0.261444536160838
0.38859999999999023,0.26317140176279596
0.3886999999999902,0.264897151664115
0.3887999999999902,0.2666217869457006
0.3888999999999902,0.26834577224715384
0.3889999999999902,0.2700686537848524
0.3890999999999902,0.27188154274363746
0.38919999999999016,0.2736932686024553
0.38929999999999015,0.27550383248025756
0.38939999999999014,0.2773135901297514
0.38949999999999013,0.279122318163742
0.3895999999999901,0.2809298935010634
0.3896999999999901,0.28273631724327947
0.3897999999999901,0.28454159049055094
0.3898999999999901,0.2863459115200847
0.3899999999999901,0.2881493029767942
0.39009999999999007,0.290032411236819
0.39019999999999005,0.2919143270991823
0.39029999999999004,0.2937950516960697
0.39039999999999003,0.29567443744576427
0.39049999999999,0.29755206962411196
0.39059999999999,0.29942850539459936
0.39069999999999,0.3013037459003708
0.39079999999999,0.303177792283114
0.39089999999999,0.30505064568306367
0.39099999999998997,0.30692324220315764
0.39109999999998996,0.3088753154605872
0.39119999999998994,0.3108261599553147
0.39129999999998993,0.3127757768471627
0.3913999999999899,0.3147241672945023
0.3914999999999899,0.3166719721776638
0.3915999999999899,0.3186189036743103
0.3916999999999899,0.3205646236156007
0.3917999999999899,0.322509133132091
0.39189999999998987,0.32445243335293084
0.39199999999998986,0.32639488914331427
0.39209999999998985,0.3283251108879712
0.39219999999998983,0.33025414519509283
0.3922999999999898,0.33218199316007857
0.3923999999999898,0.3341086558769796
0.3924999999999898,0.33603417135266966
0.3925999999999898,0.3379590324971183
0.3926999999999898,0.33988271775515055
0.39279999999998977,0.3418052282039507
0.39289999999998976,0.3437265649193875
0.39299999999998975,0.3456467289760168
0.39309999999998974,0.34759083716566547
0.3931999999999897,0.349533903022925
0.3932999999999897,0.3514757905013086
0.3933999999999897,0.35341650067243907
0.3934999999999897,0.3553560346066406
0.3935999999999897,0.35729465978399666
0.39369999999998967,0.35923244015535283
0.39379999999998966,0.36116905353760775
0.39389999999998965,0.36310450098463753
0.39399999999998964,0.3650387835490497
0.3940999999999896,0.36689125163181174
0.3941999999999896,0.3687431327680039
0.3942999999999896,0.3705939064113885
0.3943999999999896,0.3724435735551507
0.3944999999999896,0.3742921351912879
0.39459999999998957,0.3761395923106128
0.39469999999998956,0.37798644491801264
0.39479999999998955,0.3798323196553732
0.39489999999998954,0.38167709850172765
0.3949999999999895,0.38352078243272786
0.3950999999999895,0.3853371790105052
0.3951999999999895,0.3871527968507546
0.3952999999999895,0.38896767370113844
0.3953999999999895,0.39078148056044254
0.39549999999998947,0.3925942183746349
0.39559999999998946,0.39440588808856863
0.39569999999998945,0.39621657667361193
0.39579999999998944,0.39802675743796107
0.3958999999999894,0.39983587840334894
0.3959999999999894,0.4016439405002169
0.3960999999999894,0.40336517526991644
0.3961999999999894,0.40508540319969044
0.3962999999999894,0.4068051403966856
0.39639999999998937,0.40852401653998616
0.39649999999998936,0.4102418936289407
0.39659999999998935,0.4119587725343099
0.39669999999998934,0.4136746541258425
0.39679999999998933,0.4153898269157427
0.3968999999999893,0.417104384923027
0.3969999999999893,0.4188179533125946
0.3970999999999893,0.4204416518766463
0.3971999999999893,0.42206441380632054
0.3972999999999893,0.42368628786320783
0.39739999999998926,0.42530785583502234
0.39749999999998925,0.4269284943658288
0.39759999999998924,0.428548204254496
0.39769999999998923,0.430166986298977
0.3977999999999892,0.4317848412963116
0.3978999999999892,0.4334022516632402
0.3979999999999892,0.43501894476095515
0.3980999999999892,0.43662571392963107
0.3981999999999892,0.43823156905861954
0.39829999999998916,0.43983651092765164
0.39839999999998915,0.4414407669172162
0.39849999999998914,0.44304458233391314
0.39859999999998913,0.4446474914693821
0.3986999999999891,0.44624949509158585
0.3987999999999891,0.44785059396761945
0.3988999999999891,0.4494507888637122
0.3989999999999891,0.45105074519518495
0.3990999999999891,0.45254287694586204
0.39919999999998906,0.4540341716097323
0.39929999999998905,0.45552462989101916
0.39939999999998904,0.4570142524931449
0.39949999999998903,0.45850487545237717
0.399599999999989,0.4599961674954577
0.399699999999989,0.4614866456859239
0.399799999999989,0.46297631068981787
0.399899999999989,0.46446516317245523
0.399999999999989,0.4659520210579618
0.40009999999998896,0.46730423742028865
0.40019999999998895,0.46865567241092637
0.40029999999998894,0.47000632670696113
0.40039999999998893,0.47135620098468306
0.4004999999999889,0.4727052959196014
0.4005999999999889,0.47405293765189405
0.4006999999999889,0.47539957151171797
0.4007999999999889,0.4767454234638583
0.4008999999999889,0.4780904941891263
0.40099999999998887,0.47943478436754267
0.40109999999998885,0.4807667214847282
0.40119999999998884,0.48209762888291924
0.40129999999998883,0.48342776249186714
0.4013999999999888,0.48475712298619733
0.4014999999999888,0.48608571103975073
0.4015999999999888,0.4874135273255859
0.4016999999999888,0.4887433631351434
0.4017999999999888,0.49007269581029583
0.40189999999998877,0.4914012734914523
0.40199999999998876,0.492729096821628
0.40209999999998874,0.49406650743291186
0.40219999999998873,0.4954029553707096
0.4022999999999887,0.4967384312165326
0.4023999999999887,0.49807314741452907
0.4024999999999887,0.49940710461267157
0.4025999999999887,0.5007403034581952
0.4026999999999887,0.5020727863844134
0.40279999999998867,0.5034052289739878
0.40289999999998866,0.5047369187287407
0.40299999999998865,0.5060678562865236
0.40309999999998863,0.507249201454619
0.4031999999999886,0.5084298797236593
0.4032999999999886,0.5096103600538675
0.4033999999999886,0.5107904723131852
0.4034999999999886,0.5119699224650586
0.4035999999999886,0.5131487110665492
0.40369999999998857,0.5143268386740937
0.40379999999998856,0.5155044320268
0.40389999999998855,0.5166820093834941
0.40399999999998853,0.5178589304862712
0.4040999999999885,0.5189737512922701
0.4041999999999885,0.5200879511640818
0.4042999999999885,0.5212015306203425
0.4043999999999885,0.522315037941238
0.4044999999999885,0.5234281545631112
0.40459999999998847,0.5245406551845223
0.40469999999998846,0.525652540316674
0.40479999999998845,0.526763810470202
0.40489999999998844,0.5278746614027736
0.4049999999999884,0.5289855058004063
0.4050999999999884,0.5300822999613581
0.4051999999999884,0.5311784914829667
0.4052999999999884,0.5322740808617821
0.4053999999999884,0.5333690685938078
0.40549999999998837,0.5344643243135777
0.40559999999998836,0.5355592388613499
0.40569999999998835,0.5366535572315435
0.40579999999998834,0.5377472799109507
0.4058999999999883,0.538840407385835
0.4059999999999883,0.5399344879435762
0.4060999999999883,0.5409182058368198
0.4061999999999883,0.5419014079998576
0.4062999999999883,0.5428840948381667
0.40639999999998827,0.5438662667567853
0.40649999999998826,0.5448479241603285
0.40659999999998825,0.5458190925479536
0.40669999999998824,0.5467873391588943
0.4067999999999882,0.5477550351923257
0.4068999999999882,0.5487221811177294
0.4069999999999882,0.5496887774040535
0.4070999999999882,0.5506119612195084
0.4071999999999882,0.5515415126257392
0.40729999999998817,0.5524705700014342
0.40739999999998816,0.5533991337403339
0.40749999999998815,0.5543272042357603
0.40759999999998814,0.5552547818806178
0.4076999999999881,0.5561825579050567
0.4077999999999881,0.5571100026028262
0.4078999999999881,0.5580369580036065
0.4079999999999881,0.5589634244945072
0.4080999999999881,0.5598567216345792
0.4081999999999881,0.5607497325634212
0.40829999999998806,0.5616426949784519
0.40839999999998805,0.562535188835847
0.40849999999998804,0.5634272145043043
0.40859999999998803,0.5643187723521343
0.408699999999988,0.5652098627472617
0.408799999999988,0.5661047014282309
0.408899999999988,0.5670002123296424
0.408999999999988,0.5678952709538276
0.409099999999988,0.568730125406248
0.40919999999998796,0.5695645584287798
0.40929999999998795,0.5703974697065863
0.40939999999998794,0.5712269150519576
0.40949999999998793,0.5720559299890056
0.4095999999999879,0.5728845148526593
0.4096999999999879,0.5737126699774994
0.4097999999999879,0.5745403956977604
0.4098999999999879,0.5753679710233452
0.4099999999999879,0.5761952187761055
0.41009999999998786,0.577040605930566
0.41019999999998785,0.577885556311589
0.41029999999998784,0.5787300702575757
0.41039999999998783,0.5795743071262138
0.4104999999999878,0.5804187576979946
0.4105999999999878,0.5812627747806136
0.4106999999999878,0.5821063587077758
0.4107999999999878,0.5829495098128429
0.4108999999999878,0.5837922284288354
0.41099999999998776,0.5846350422170239
0.41109999999998775,0.5854387389354582
0.41119999999998774,0.5862420259430869
0.41129999999998773,0.5870449035531309
0.4113999999999877,0.5878473720784857
0.4114999999999877,0.5886495113784066
0.4115999999999877,0.5894519743723841
0.4116999999999877,0.5902540310132616
0.4117999999999877,0.5910556816096163
0.41189999999998766,0.5918569264697126
0.41199999999998765,0.592657765901503
0.41209999999998764,0.5933585173184012
0.41219999999998763,0.5940592915282035
0.4122999999999876,0.5947597133334769
0.4123999999999876,0.5954597829999795
0.4124999999999876,0.5961595007932027
0.4125999999999876,0.596858866978371
0.4126999999999876,0.5975586702796853
0.41279999999998757,0.5982581489892114
0.41289999999998755,0.5989572783776292
0.41299999999998754,0.5996560587065505
0.41309999999998753,0.6002966071699007
0.4131999999999875,0.6009371561327203
0.4132999999999875,0.6015778799867282
0.4133999999999875,0.6022182859938084
0.4134999999999875,0.602858374390416
0.4135999999999875,0.6034981454127716
0.41369999999998747,0.6041375992968615
0.41379999999998746,0.6047773958265652
0.41389999999998744,0.6054170313071339
0.41399999999998743,0.6060563516719446
0.4140999999999874,0.6067108815163695
0.4141999999999874,0.6073650890661236
0.4142999999999874,0.6080191531728896
0.4143999999999874,0.6086735314503361
0.4144999999999874,0.6093275894954034
0.41459999999998737,0.6099813275431019
0.41469999999998736,0.6106347458282118
0.41479999999998735,0.611287844585284
0.41489999999998733,0.6119425084153322
0.4149999999999873,0.6125980066297387
0.4150999999999873,0.6132163635470276
0.4151999999999873,0.6138344244983677
0.4152999999999873,0.6144521896962013
0.4153999999999873,0.6150696592345689
0.41549999999998727,0.6156868257895604
0.41559999999998726,0.6163036972152859
0.41569999999998725,0.6169202737233911
0.41579999999998724,0.6175365555253195
0.4158999999999872,0.6181525428323127
0.4159999999999872,0.6187683813171176
0.4160999999999872,0.6193468320400008
0.4161999999999872,0.6199250072200879
0.4162999999999872,0.6205029070542175
0.41639999999998717,0.6210805317390355
0.41649999999998716,0.6216578814710016
0.41659999999998715,0.6222354810195042
0.41669999999998714,0.6228129542306244
0.4167999999999871,0.6233901540029695
0.4168999999999871,0.6239670805307066
0.4169999999999871,0.6245437340078199
0.4170999999999871,0.6251059718897298
0.4171999999999871,0.625672733053281
0.41729999999998707,0.6262392363884366
0.41739999999998706,0.6268054820710925
0.41749999999998705,0.6273714702769834
0.41759999999998704,0.627937201181685
0.417699999999987,0.6285001735818975
0.417799999999987,0.6290605350235668
0.417899999999987,0.6296206332553589
0.417999999999987,0.6301804684626803
0.418099999999987,0.630676867280656
0.41819999999998697,0.6311730330970825
0.41829999999998696,0.631669673888003
0.41839999999998695,0.6321661869303192
0.41849999999998694,0.6326624683563579
0.4185999999999869,0.6331585183281498
0.4186999999999869,0.6336543370075746
0.4187999999999869,0.634150103089806
0.4188999999999869,0.6346462707187944
0.4189999999999869,0.6351422084293064
0.41909999999998687,0.6356143331384606
0.41919999999998686,0.636086239171685
0.41929999999998685,0.636557926680875
0.41939999999998684,0.6370298499922281
0.41949999999998683,0.6375019109691116
0.4195999999999868,0.637973754700292
0.4196999999999868,0.6384453813357023
0.4197999999999868,0.6389167910251364
0.4198999999999868,0.6393879839182512
0.4199999999999868,0.6398596829829571
0.42009999999998676,0.6403224621627858
0.42019999999998675,0.6407850298299083
0.42029999999998674,0.6412473861292994
0.42039999999998673,0.6417095312058014
0.4204999999999867,0.6421716425239758
0.4205999999999867,0.6426341726644872
0.4206999999999867,0.6430964928081848
0.4207999999999867,0.6435586030980494
0.4208999999999867,0.6440205036769322
0.42099999999998666,0.6444821946875549
0.42109999999998665,0.6448975876778781
0.42119999999998664,0.6453131652677878
0.42129999999998663,0.6457285554715766
0.4213999999999866,0.6461437584159561
0.4214999999999866,0.6465587742275235
0.4215999999999866,0.646973603032762
0.4216999999999866,0.6473889263396365
0.4217999999999866,0.6478041857486004
0.42189999999998656,0.6482192591976788
0.42199999999998655,0.6486341468117574
0.42209999999998654,0.6490928965881447
0.42219999999998653,0.6495517596814827
0.4222999999999865,0.6500122187877893
0.4223999999999865,0.650472474924585
0.4224999999999865,0.6509325282260435
0.4225999999999865,0.6513923788262196
0.4226999999999865,0.6518520268590505
0.42279999999998646,0.6523124748218463
0.42289999999998645,0.6527739712598771
0.42299999999998644,0.6532352677225561
0.42309999999998643,0.6536145134778327
0.4231999999999864,0.6539935949697401
0.4232999999999864,0.6543725123049876
0.4233999999999864,0.6547552093485777
0.4234999999999864,0.6551391877548955
0.4235999999999864,0.6555230063023564
0.42369999999998637,0.655906665090768
0.42379999999998635,0.6562901642198568
0.42389999999998634,0.6566734272959689
0.42399999999998633,0.6570500363832817
0.4240999999999863,0.6573667213703838
0.4241999999999863,0.6576832683514613
0.4242999999999863,0.6579996774167142
0.4243999999999863,0.6583159486562552
0.4244999999999863,0.6586328134319566
0.42459999999998627,0.6589513915840186
0.42469999999998626,0.6592698335510747
0.42479999999998624,0.6595881394204305
0.42489999999998623,0.6599063092793163
0.4249999999999862,0.660224343214889
0.4250999999999862,0.6605892886047694
0.4251999999999862,0.6609545281971922
0.4252999999999862,0.6613196129539817
0.4253999999999862,0.6616845429735758
0.42549999999998617,0.6620493183543295
0.42559999999998616,0.6624139391945139
0.42569999999998615,0.6627783924232307
0.42579999999998613,0.6631426880735777
0.4258999999999861,0.6635068294666123
0.4259999999999861,0.6638708167002922
0.4260999999999861,0.6642509189429652
0.4261999999999861,0.6646308354389706
0.4262999999999861,0.6650101344068959
0.42639999999998607,0.6653892723852457
0.42649999999998606,0.6657682494764943
0.42659999999998605,0.6661470657830282
0.42669999999998603,0.6665257214071475
0.426799999999986,0.6669042329247789
0.426899999999986,0.6672826238712749
0.426999999999986,0.6676608544817283
0.427099999999986,0.6679862524532878
0.427199999999986,0.6683115126019726
0.42729999999998597,0.6686366350153344
0.42739999999998596,0.6689618031252831
0.42749999999998595,0.6692869996042978
0.42759999999998594,0.6696120588014796
0.4276999999999859,0.66993698080374
0.4277999999999859,0.670261765697918
0.4278999999999859,0.6705864135707787
0.4279999999999859,0.6709116667075128
0.4280999999999859,0.6711906528957318
0.42819999999998587,0.6714695222807607
0.42829999999998586,0.671748274935944
0.42839999999998585,0.6720269109345574
0.42849999999998584,0.6723054303498158
0.4285999999999858,0.672584834744907
0.4286999999999858,0.6728641568547813
0.4287999999999858,0.6731433630264894
0.4288999999999858,0.6734224533322002
0.4289999999999858,0.6737014278440219
0.42909999999998577,0.6739862536066232
0.42919999999998576,0.6742721381952023
0.42929999999998575,0.6745579054561458
0.42939999999998574,0.6748435554616663
0.4294999999999857,0.675129088283917
0.4295999999999857,0.6754145039949918
0.4296999999999857,0.6757003476328268
0.4297999999999857,0.675986969869513
0.4298999999999857,0.6762734758411268
0.42999999999998567,0.6765598656183962
0.43009999999998566,0.676810342500464
0.43019999999998565,0.6770607178411925
0.43029999999998564,0.6773119404033607
0.4303999999999856,0.6775637713380681
0.4304999999999856,0.6778155014763849
0.4305999999999856,0.6780671308788158
0.4306999999999856,0.678318659605816
0.4307999999999856,0.6785700877177934
0.4308999999999856,0.6788232285447493
0.43099999999998556,0.679076848237041
0.43109999999998555,0.6793186489052326
0.43119999999998554,0.6795603546288178
0.43129999999998553,0.6798019654637074
0.4313999999999855,0.6800434814657682
0.4314999999999855,0.6802891938763426
0.4315999999999855,0.6805351057601797
0.4316999999999855,0.6807809244906657
0.4317999999999855,0.6810266501207217
0.43189999999998546,0.6812722827032284
0.43199999999998545,0.6815176466110009
0.43209999999998544,0.681791056588603
0.43219999999998543,0.682064361769664
0.4322999999999854,0.6823375622144204
0.4323999999999854,0.6826106579830663
0.4324999999999854,0.6828836491357492
0.4325999999999854,0.683157188508108
0.4326999999999854,0.6834324012620039
0.43279999999998536,0.6837075106058081
0.43289999999998535,0.683982516597794
0.43299999999998534,0.6842574192961902
0.43309999999998533,0.6845200150481305
0.4331999999999853,0.6847802394915018
0.4332999999999853,0.6850372644610385
0.4333999999999853,0.6852941889338298
0.4334999999999853,0.6855510129688048
0.4335999999999853,0.6858077366248482
0.43369999999998526,0.686064359960797
0.43379999999998525,0.6863213118109054
0.43389999999998524,0.6865784877027886
0.43399999999998523,0.6868355637204069
0.4340999999999852,0.6870946591178644
0.4341999999999852,0.6873536539346772
0.4342999999999852,0.6876125482294021
0.4343999999999852,0.6878718731969479
0.4344999999999852,0.6881313168630971
0.43459999999998516,0.6883906604567807
0.43469999999998515,0.6886499040358881
0.43479999999998514,0.6889090476582628
0.43489999999998513,0.6891680913817043
0.4349999999999851,0.6894276620740545
0.4350999999999851,0.6896500234951521
0.4351999999999851,0.6898722997278055
0.4352999999999851,0.6900944908209656
0.4353999999999851,0.6903165968235397
0.43549999999998507,0.6905386177843981
0.43559999999998505,0.6907612693754358
0.43569999999998504,0.6909838647748697
0.43579999999998503,0.6912063754732939
0.435899999999985,0.691428801519044
0.435999999999985,0.691651142960419
0.436099999999985,0.691784803398643
0.436199999999985,0.69191909737678
0.436299999999985,0.6920533405899991
0.43639999999998497,0.6921875330670793
0.43649999999998496,0.6923216748367784
0.43659999999998494,0.692455765927832
0.43669999999998493,0.692590291209111
0.4367999999999849,0.6927269261879124
0.4368999999999849,0.6928635106182268
0.4369999999999849,0.6930000445280998
0.4370999999999849,0.6931715646127796
0.4371999999999849,0.6933430212783296
0.43729999999998487,0.6935152081046072
0.43739999999998486,0.6936893503453065
0.43749999999998485,0.6938634296441484
0.43759999999998483,0.6940374460352509
0.4376999999999848,0.6942113995527082
0.4377999999999848,0.6943852902305886
0.4378999999999848,0.6945600931122036
0.4379999999999848,0.6947364716346968
0.4380999999999848,0.6949120649660818
0.43819999999998477,0.6950875962310883
0.43829999999998476,0.6952630654626182
0.43839999999998475,0.69543847269355
0.43849999999998474,0.6956150364073763
0.4385999999999847,0.6957929917752487
0.4386999999999847,0.6959708856633028
0.4387999999999847,0.6961487181033926
0.4388999999999847,0.6963264891273511
0.4389999999999847,0.6965041987669882
0.43909999999998467,0.6966960753044628
0.43919999999998466,0.6968882933631113
0.43929999999998465,0.6970804455622502
0.43939999999998464,0.6972725319357217
0.4394999999999846,0.6974645525173452
0.4395999999999846,0.6976565073409164
0.4396999999999846,0.6978510369149261
0.4397999999999846,0.6980472771338904
0.4398999999999846,0.698243452665999
0.43999999999998457,0.6984395635432306
0.44009999999998456,0.6986232707015816
0.44019999999998455,0.6988069173342868
0.44029999999998454,0.6989885299712576
0.4403999999999845,0.6991690506673173
0.4404999999999845,0.6993495103662678
0.4405999999999845,0.6995299090990205
0.4406999999999845,0.6997102468964643
0.4407999999999845,0.6998905237894689
0.44089999999998447,0.7000702920463255
0.44099999999998446,0.7002498144581327
0.44109999999998445,0.7004344506562845
0.44119999999998444,0.7006190242070721
0.4412999999999844,0.7008035351423739
0.4413999999999844,0.7009879834940472
0.4414999999999844,0.7011751362591798
0.4415999999999844,0.7013631465929351
0.4416999999999844,0.7015510951639019
0.44179999999998437,0.7017389820025094
0.44189999999998436,0.7019268071391669
0.44199999999998435,0.702114570604264
0.44209999999998434,0.7023103813598993
0.44219999999998433,0.7025058378594651
0.4422999999999843,0.7027012294634731
0.4423999999999843,0.7028965562042383
0.4424999999999843,0.7030918181140537
0.4425999999999843,0.7032870152251911
0.4426999999999843,0.7034804830964544
0.44279999999998426,0.703673500764498
0.44289999999998425,0.7038664532867165
0.44299999999998424,0.7040593406960856
0.44309999999998423,0.7042173203770471
0.4431999999999842,0.7043752467649081
0.4432999999999842,0.704535670375227
0.4433999999999842,0.7046965605618499
0.4434999999999842,0.7048573979020061
0.4435999999999842,0.7050181824217283
0.44369999999998416,0.7051789141470323
0.44379999999998415,0.7053395931039169
0.44389999999998414,0.7054948578634614
0.44399999999998413,0.7056490584283447
0.4440999999999841,0.7058167394526597
0.4441999999999841,0.7059843624376035
0.4442999999999841,0.7061519274133031
0.4443999999999841,0.7063194344098662
0.4444999999999841,0.7064889378475927
0.44459999999998406,0.7066587637973429
0.44469999999998405,0.7068285321855707
0.44479999999998404,0.7069982430415365
0.44489999999998403,0.7071678963944807
0.444999999999984,0.707337492273624
0.445099999999984,0.7074631985360762
0.445199999999984,0.7075890816397532
0.445299999999984,0.7077149226008554
0.445399999999984,0.7078407214405417
0.44549999999998396,0.7079664781799572
0.44559999999998395,0.7080921928402324
0.44569999999998394,0.7082193473935915
0.44579999999998393,0.7083467753675228
0.4458999999999839,0.7084741613707699
0.4459999999999839,0.7086015054240647
0.4460999999999839,0.7086962964925897
0.4461999999999839,0.7087910563553915
0.4462999999999839,0.7088826625163578
0.44639999999998387,0.7089734700377944
0.44649999999998385,0.7090642466838015
0.44659999999998384,0.7091549924701235
0.44669999999998383,0.7092457074124933
0.4467999999999838,0.7093363915266345
0.4468999999999838,0.7094273184285205
0.4469999999999838,0.7095182950094734
0.4470999999999838,0.709670739978337
0.4471999999999838,0.7098231333280736
0.44729999999998377,0.7099754750848869
0.44739999999998376,0.7101277652749727
0.44749999999998374,0.7102780232588339
0.44759999999998373,0.7104275136374186
0.4476999999999837,0.7105769523059717
0.4477999999999837,0.7107263392913198
0.4478999999999837,0.7108756746202693
0.4479999999999837,0.7110249583196092
0.4480999999999837,0.711189515276519
0.44819999999998367,0.7113555937238831
0.44829999999998366,0.7115216171426736
0.44839999999998364,0.7116875855602354
0.44849999999998363,0.7118534990038956
0.4485999999999836,0.7120193575009633
0.4486999999999836,0.7121829261995654
0.4487999999999836,0.7123451480149302
0.4488999999999836,0.7125073145276641
0.4489999999999836,0.7126694257660422
0.44909999999998357,0.7127472132374768
0.44919999999998356,0.7128249742041205
0.44929999999998355,0.7129083256514914
0.44939999999998353,0.7129958686109634
0.4494999999999835,0.713083384170669
0.4495999999999835,0.7131708723434698
0.4496999999999835,0.7132583331422191
0.4497999999999835,0.7133457665797629
0.4498999999999835,0.713431214520832
0.44999999999998347,0.7135146790203927
0.45009999999998346,0.7135858173411972
0.45019999999998345,0.7136569326411865
0.45029999999998344,0.713728024931535
0.4503999999999834,0.7137990942234086
0.4504999999999834,0.7138704191120465
0.4505999999999834,0.7139421038223226
0.4506999999999834,0.7140137654864671
0.4507999999999834,0.7140854041155922
0.45089999999998337,0.7141570197208026
0.45099999999998336,0.7142286123131957
0.45109999999998335,0.7143858907807759
0.45119999999998334,0.7145401754980985
0.4512999999999833,0.71469440875505
0.4513999999999833,0.7148485905773719
0.4514999999999833,0.7150027209907895
0.4515999999999833,0.7151568000210101
0.4516999999999833,0.7153119330775177
0.45179999999998327,0.7154705460822876
0.45189999999998326,0.715629108290609
0.45199999999998325,0.7157876197268791
0.45209999999998324,0.7159010204629114
0.4521999999999832,0.7160143848993347
0.4522999999999832,0.7161278654334264
0.4523999999999832,0.7162422886937361
0.4524999999999832,0.7163566757060162
0.4525999999999832,0.7164710264874886
0.45269999999998317,0.7165853410553641
0.45279999999998316,0.7166996194268429
0.45289999999998315,0.7168138891493497
0.45299999999998314,0.7169293076072695
0.4530999999999831,0.7170039479120237
0.4531999999999831,0.717078564849987
0.4532999999999831,0.7171531584321372
0.4533999999999831,0.7172277286694386
0.4534999999999831,0.7173022755728484
0.4535999999999831,0.7173782395143453
0.45369999999998306,0.71745433565423
0.45379999999998305,0.7175304083322619
0.45389999999998304,0.7176064575592899
0.45399999999998303,0.7176824833461563
0.454099999999983,0.717794431354604
0.454199999999983,0.7179107073887641
0.454299999999983,0.7180282231510632
0.454399999999983,0.7181457045585717
0.454499999999983,0.7182631516263528
0.45459999999998296,0.71838056436946
0.45469999999998295,0.7184979428029388
0.45479999999998294,0.7186141030226044
0.45489999999998293,0.7187295547413122
0.4549999999999829,0.71884497214158
0.4550999999999829,0.7189555946851419
0.4551999999999829,0.7190661843555246
0.4552999999999829,0.7191767411673795
0.4553999999999829,0.7192901736057348
0.45549999999998286,0.719406575379166
0.45559999999998285,0.7195229444943239
0.45569999999998284,0.7196392809649507
0.45579999999998283,0.7197555848047811
0.4558999999999828,0.7198718560275418
0.4559999999999828,0.7199895941455388
0.4560999999999828,0.7200602982156639
0.4561999999999828,0.7201309833343835
0.4562999999999828,0.7202016495093247
0.45639999999998276,0.7202722967481021
0.45649999999998275,0.7203429250583256
0.45659999999998274,0.7204138000736892
0.45669999999998273,0.720485891268193
0.4567999999999827,0.7205579634552197
0.4568999999999827,0.7206300166422854
0.4569999999999827,0.7207020508369024
0.4570999999999827,0.7207954683531228
0.4571999999999827,0.7208889168629735
0.45729999999998266,0.720990272950438
0.45739999999998265,0.7210916045805931
0.45749999999998264,0.7211929117622897
0.45759999999998263,0.7212941945043753
0.4576999999999826,0.7213954528156924
0.4577999999999826,0.7214966867050797
0.4578999999999826,0.7215921385745118
0.4579999999999826,0.7216863748729146
0.4580999999999826,0.7218133563531841
0.45819999999998257,0.7219403047788068
0.45829999999998255,0.7220672201626822
0.45839999999998254,0.7221941025177083
0.45849999999998253,0.7223236263879392
0.4585999999999825,0.7224546098100375
0.4586999999999825,0.72258556066818
0.4587999999999825,0.7227164789745089
0.4588999999999825,0.7228473647411604
0.4589999999999825,0.7229782179802644
0.45909999999998247,0.7230738973441533
0.45919999999998246,0.7231701388974161
0.45929999999998244,0.7232663568235236
0.45939999999998243,0.7233625511311753
0.4594999999999824,0.7234587218290662
0.4595999999999824,0.7235548689258882
0.4596999999999824,0.7236503605566867
0.4597999999999824,0.7237438638923808
0.4598999999999824,0.7238373436193883
0.45999999999998237,0.72393079974665
0.46009999999998236,0.7240262457636334
0.46019999999998235,0.7241216676905463
0.46029999999998233,0.7242170133380422
0.4603999999999823,0.7243107309354448
0.4604999999999823,0.7244044244595577
0.4605999999999823,0.7244980939196547
0.4606999999999823,0.724591739325006
0.4607999999999823,0.7246853606848759
0.46089999999998227,0.7247789580085248
0.46099999999998226,0.7248714822555006
0.46109999999998225,0.7249468289377844
0.46119999999998224,0.7250221560144596
0.4612999999999822,0.7250974634931809
0.4613999999999822,0.7251727513815953
0.4614999999999822,0.7252480196873459
0.4615999999999822,0.7253196652761201
0.4616999999999822,0.7253887108103674
0.46179999999998217,0.7254577372159976
0.46189999999998216,0.7255267445009589
0.46199999999998215,0.7255957326731952
0.46209999999998214,0.7256391947094921
0.4621999999999821,0.7256826966827357
0.4622999999999821,0.7257262850154055
0.4623999999999821,0.7257698613002932
0.4624999999999821,0.7258134255423928
0.4625999999999821,0.7258569777466957
0.46269999999998207,0.7259005179181911
0.46279999999998206,0.7259433402634937
0.46289999999998205,0.7259798083093736
0.46299999999998204,0.7260162655760858
0.463099999999982,0.7260820755041126
0.463199999999982,0.7261478659858968
0.463299999999982,0.7262136370300512
0.463399999999982,0.7262793886451886
0.463499999999982,0.7263447890382562
0.46359999999998197,0.7264101097612065
0.46369999999998196,0.7264754111262394
0.46379999999998195,0.7265406931419589
0.46389999999998194,0.7266059558169639
0.4639999999999819,0.7266711991598478
0.4640999999999819,0.726779423741411
0.4641999999999819,0.726888197281683
0.4642999999999819,0.7269969390327944
0.4643999999999819,0.7271056490086792
0.46449999999998187,0.7272143272232627
0.46459999999998186,0.7273229736904618
0.46469999999998185,0.7274311491978243
0.46479999999998184,0.7275383289860446
0.46489999999998183,0.7276454770650789
0.4649999999999818,0.7277525934489963
0.4650999999999818,0.727832873228426
0.4651999999999818,0.7279131292675789
0.4652999999999818,0.7279935955443573
0.4653999999999818,0.7280807452228331
0.46549999999998176,0.7281678708018577
0.46559999999998175,0.7282549722914268
0.46569999999998174,0.728342049701529
0.46579999999998173,0.7284291030421484
0.4658999999999817,0.7285161323232635
0.4659999999999817,0.7286108827492843
0.4660999999999817,0.7286389538026313
0.4661999999999817,0.7286670179005901
0.4662999999999817,0.7286950750457583
0.46639999999998166,0.7287231252407194
0.46649999999998165,0.7287511684880558
0.46659999999998164,0.7287810726461674
0.46669999999998163,0.7288132557610163
0.4667999999999816,0.7288454312742433
0.4668999999999816,0.7288775991885416
0.4669999999999816,0.7289097595066023
0.4670999999999816,0.7289480124270639
0.4671999999999816,0.7289870189367743
0.46729999999998156,0.7290305190669601
0.46739999999998155,0.7290740095578541
0.46749999999998154,0.7291174904126595
0.46759999999998153,0.7291609616345788
0.4676999999999815,0.7292044232268127
0.4677999999999815,0.7292478751925604
0.4678999999999815,0.7292931839781106
0.4679999999999815,0.7293388611369511
0.4680999999999815,0.7294588389945675
0.46819999999998146,0.7295787910275691
0.46829999999998145,0.7296987172442785
0.46839999999998144,0.7298186176530295
0.46849999999998143,0.7299404419920508
0.4685999999999814,0.7300641166803181
0.4686999999999814,0.7301877660582603
0.4687999999999814,0.7303113901336463
0.4688999999999814,0.730434988914242
0.4689999999999814,0.7305585624078097
0.46909999999998137,0.7306273329520953
0.46919999999998135,0.7306978269266284
0.46929999999998134,0.7307683068915822
0.46939999999998133,0.7308387728511325
0.4694999999999813,0.7309092248094533
0.4695999999999813,0.7309796627707177
0.4696999999999813,0.731050086739096
0.4697999999999813,0.7311226771776568
0.4698999999999813,0.7311956679477897
0.46999999999998127,0.7312686447400754
0.47009999999998126,0.7313128226642204
0.47019999999998124,0.7313569921298375
0.47029999999998123,0.7314011531393616
0.4703999999999812,0.7314468021957715
0.4704999999999812,0.7314939827936877
0.4705999999999812,0.7315411547532134
0.4706999999999812,0.7315883180767205
0.4707999999999812,0.7316354727665807
0.47089999999998117,0.7316826188251644
0.47099999999998116,0.7317297091647847
0.47109999999998114,0.731862780327707
0.47119999999998113,0.7319958270145326
0.4712999999999811,0.732128849231998
0.4713999999999811,0.7322618469868528
0.4714999999999811,0.7323948202858444
0.4715999999999811,0.7325277691357174
0.4716999999999811,0.732664274242308
0.47179999999998107,0.732801812933337
0.47189999999998106,0.7329393280833743
0.47199999999998105,0.7330768196984634
0.47209999999998103,0.7331770469214667
0.472199999999981,0.7332772569940701
0.472299999999981,0.7333773228877069
0.472399999999981,0.7334771800853268
0.472499999999981,0.7335770201135361
0.472599999999981,0.7336768429767624
0.47269999999998097,0.7337766486794318
0.47279999999998096,0.7338764372259696
0.47289999999998095,0.733976344593017
0.47299999999998094,0.7340841574952862
0.4730999999999809,0.7341409941445572
0.4731999999999809,0.7341978222746118
0.4732999999999809,0.7342546418873749
0.4733999999999809,0.7343114529847611
0.4734999999999809,0.7343682555686847
0.47359999999998087,0.7344324168055776
0.47369999999998086,0.7345009646443956
0.47379999999998085,0.7345695044081593
0.47389999999998084,0.7346380360982958
0.4739999999999808,0.7347065597162309
0.4740999999999808,0.7347936722020629
0.4741999999999808,0.7348857964749845
0.4742999999999808,0.7349949945175271
0.4743999999999808,0.7351041862685422
0.47449999999998077,0.7352133717285736
0.47459999999998076,0.7353225508981656
0.47469999999998075,0.7354317237778606
0.47479999999998074,0.7355408903682028
0.4748999999999807,0.7356712945596939
0.4749999999999807,0.735806381889678
0.4750999999999807,0.7359785027248347
0.4751999999999807,0.7361506257761867
0.4752999999999807,0.7363227510437699
0.47539999999998067,0.7364948785276271
0.47549999999998066,0.736672501551136
0.47559999999998065,0.7368582713460908
0.47569999999998064,0.7370440504092998
0.4757999999999806,0.7372298387414569
0.4758999999999806,0.7374156363432551
0.4759999999999806,0.7376014432153886
0.4760999999999806,0.7378011322937301
0.4761999999999806,0.7379785036848887
0.4762999999999806,0.7381553665113463
0.47639999999998056,0.7383322272180347
0.47649999999998055,0.738509085804993
0.47659999999998054,0.7386859422722584
0.47669999999998053,0.7388627966198693
0.4767999999999805,0.739013816766504
0.4768999999999805,0.7391431692250895
0.4769999999999805,0.7392725035135034
0.4770999999999805,0.7393596585777331
0.4771999999999805,0.7394468014009806
0.47729999999998046,0.7395339319858334
0.47739999999998045,0.7396163510938998
0.47749999999998044,0.7396571577653681
0.47759999999998043,0.7396979536002504
0.4776999999999804,0.7397387386028622
0.4777999999999804,0.7397795127775177
0.4778999999999804,0.7398202761285287
0.4779999999999804,0.7398610286602039
0.4780999999999804,0.7398395761047806
0.47819999999998036,0.7398093301766702
0.47829999999998035,0.7397790943296058
0.47839999999998034,0.7397488685585483
0.47849999999998033,0.7397186528584616
0.4785999999999803,0.7396884472243135
0.4786999999999803,0.7396562283322944
0.4787999999999803,0.739615416195386
0.4788999999999803,0.7395746188198287
0.4789999999999803,0.7395338361976149
0.47909999999998026,0.7394933095826679
0.47919999999998025,0.7394527976178533
0.47929999999998024,0.7394123002952282
0.47939999999998023,0.7393746334237546
0.4794999999999802,0.7393380655144872
0.4795999999999802,0.7393015104291365
0.4796999999999802,0.7392649681609583
0.4797999999999802,0.7392284387032126
0.4798999999999802,0.7391919220491643
0.47999999999998016,0.739155378271649
0.48009999999998015,0.7392253698146356
0.48019999999998014,0.7392953368073393
0.48029999999998013,0.7393652792626533
0.4803999999999801,0.7394351971934836
0.4804999999999801,0.7395050906127264
0.4805999999999801,0.739574959533269
0.4806999999999801,0.7396487933177891
0.4807999999999801,0.7397238746722155
0.48089999999998007,0.739798930790753
0.48099999999998005,0.7398739616861235
0.48109999999998004,0.7398382297330496
0.48119999999998003,0.7398025097839082
0.48129999999998,0.739768922857657
0.48139999999998,0.7397412830450705
0.48149999999998,0.7397136519115115
0.48159999999998,0.739686029452893
0.48169999999998,0.7396584156651306
0.48179999999997997,0.7396308105441418
0.48189999999997996,0.7396032140858472
0.48199999999997994,0.7395748788557122
0.48209999999997993,0.7395090867995093
0.4821999999999799,0.7394433155545829
0.4822999999999799,0.739377565111067
0.4823999999999799,0.7393118354590954
0.4824999999999799,0.7392461265888074
0.4825999999999799,0.7391817992337234
0.48269999999997987,0.7391216386987974
0.48279999999997986,0.7390614962796997
0.48289999999997985,0.7390013719682487
0.48299999999997983,0.738941265756268
0.4830999999999798,0.7389313967253373
0.4831999999999798,0.7389215306644377
0.4832999999999798,0.7389073279323826
0.4833999999999798,0.7388914899883857
0.4834999999999798,0.7388756570647136
0.48359999999997977,0.7388598291589801
0.48369999999997976,0.7388440062687996
0.48379999999997975,0.738828188391789
0.48389999999997974,0.7388137324620206
0.4839999999999797,0.7388048589917992
0.4840999999999797,0.738839330502016
0.4841999999999797,0.7388737917441466
0.4842999999999797,0.7389082427227696
0.4843999999999797,0.7389426834424688
0.48449999999997967,0.7389771139078268
0.48459999999997966,0.7390135980185316
0.48469999999997965,0.739051150217718
0.48479999999997964,0.7390886915603175
0.4848999999999796,0.7391262220510378
0.4849999999999796,0.7391637416945837
0.4850999999999796,0.7391993144846267
0.4851999999999796,0.739235671819326
0.4852999999999796,0.7392785180983104
0.48539999999997957,0.739321352846015
0.48549999999997956,0.7393641760670946
0.48559999999997955,0.739406987766201
0.48569999999997954,0.7394497879479838
0.4857999999999795,0.73949257661709
0.4858999999999795,0.7395383261850876
0.4859999999999795,0.739586472647884
0.4860999999999795,0.7396330441056055
0.4861999999999795,0.7396796037201548
0.48629999999997947,0.7397261514960493
0.48639999999997946,0.7397726874378037
0.48649999999997945,0.7398192115499304
0.48659999999997944,0.7398765441876041
0.4866999999999794,0.7399340077669206
0.4867999999999794,0.7399914584464229
0.4868999999999794,0.7400488962304534
0.4869999999999794,0.7401063211233541
0.4870999999999794,0.7401280767929146
0.48719999999997937,0.7401490180726089
0.48729999999997936,0.7401688019634741
0.48739999999997935,0.7401885813112581
0.48749999999997934,0.7402083561175257
0.4875999999999793,0.7402281263838407
0.4876999999999793,0.7402478921117664
0.4877999999999793,0.7402676533028656
0.4878999999999793,0.7402997755485259
0.4879999999999793,0.7403344364301343
0.4880999999999793,0.7403689229811575
0.48819999999997926,0.7404034030083444
0.48829999999997925,0.7404378765135455
0.48839999999997924,0.7404723434986117
0.48849999999997923,0.7405079836272175
0.4885999999999792,0.7405474107461548
0.4886999999999792,0.7405868309395712
0.4887999999999792,0.7406262442092908
0.4888999999999792,0.7406656505571377
0.4889999999999792,0.740705049984935
0.48909999999997916,0.7407540815555526
0.48919999999997915,0.7408056692839058
0.48929999999997914,0.7408587151488504
0.48939999999997913,0.7409117522789613
0.4894999999999791,0.7409647806763955
0.4895999999999791,0.7410178003433099
0.4896999999999791,0.7410708112818601
0.4897999999999791,0.7411237797836672
0.4898999999999791,0.7411754872752904
0.48999999999997906,0.7412271860772799
0.49009999999997905,0.7412633428346346
0.49019999999997904,0.7412994935167316
0.49029999999997903,0.7413356381251052
0.490399999999979,0.741371776661286
0.490499999999979,0.7414062145956397
0.490599999999979,0.7414381811444944
0.490699999999979,0.7414701419658156
0.490799999999979,0.7415020970611423
0.49089999999997896,0.7415340464320135
0.49099999999997895,0.7415659900799669
0.49109999999997894,0.7415636560117129
0.49119999999997893,0.7415554907874969
0.4912999999999789,0.7415456777872397
0.4913999999999789,0.7415358667420076
0.4914999999999789,0.7415260576512166
0.4915999999999789,0.7415162505142833
0.4916999999999789,0.7415064453306236
0.49179999999997887,0.7414972366670173
0.49189999999997885,0.7414916008385816
0.49199999999997884,0.7414859660689883
0.49209999999997883,0.7415190788655339
0.4921999999999788,0.7415521854421239
0.4922999999999788,0.7415852858005024
0.4923999999999788,0.7416183799424214
0.4924999999999788,0.7416511571996643
0.4925999999999788,0.7416836138304537
0.49269999999997877,0.7417160643127048
0.49279999999997876,0.7417485086481643
0.49289999999997874,0.741780946838579
0.49299999999997873,0.7418133788856943
0.4930999999999787,0.7418865084224002
0.4931999999999787,0.7419621977157642
0.4932999999999787,0.7420383552891379
0.4933999999999787,0.7421144990718992
0.4934999999999787,0.7421906290677937
0.49359999999997867,0.7422667452805651
0.49369999999997866,0.7423428477139568
0.49379999999997864,0.7424190130208673
0.49389999999997863,0.7424955172966042
0.4939999999999786,0.74257200781493
0.4940999999999786,0.7426821745634636
0.4941999999999786,0.7427923215047877
0.4942999999999786,0.7429024486442359
0.4943999999999786,0.7430125559871484
0.49449999999997857,0.7431241830540248
0.49459999999997856,0.7432372949548218
0.49469999999997855,0.7433503874542716
0.49479999999997853,0.7434634605573657
0.4948999999999785,0.7435765142690937
0.4949999999999785,0.7436895485944435
0.4950999999999785,0.743733791478283
0.4951999999999785,0.7437849398448957
0.4952999999999785,0.743837556659677
0.49539999999997847,0.7438901656413562
0.49549999999997846,0.7439427667916828
0.49559999999997845,0.7439953601124046
0.49569999999997844,0.7440479456052702
0.4957999999999784,0.7441010568638661
0.4958999999999784,0.7441576310411592
0.4959999999999784,0.7442141974086943
0.4960999999999784,0.7442560735997706
0.4961999999999784,0.7442979440108609
0.49629999999997837,0.7443398086431651
0.49639999999997836,0.744381667497879
0.49649999999997835,0.7444243719233522
0.49659999999997834,0.7444681833848781
0.4966999999999783,0.7445119890325168
0.4967999999999783,0.7445557888674259
0.4968999999999783,0.744599582890762
0.4969999999999783,0.7446433711036818
0.4970999999999783,0.7446821883355056
0.49719999999997827,0.7447265623406073
0.49729999999997826,0.7447730454760537
0.49739999999997825,0.7448195234039138
0.49749999999997824,0.7448659961250624
0.4975999999999782,0.7449124636403747
0.4976999999999782,0.7449589259507252
0.4977999999999782,0.7450054345372276
0.4978999999999782,0.7450596590393103
0.4979999999999782,0.745113878599762
0.49809999999997817,0.7451081292668982
0.49819999999997816,0.7451023804579261
0.49829999999997815,0.7450966321727875
0.49839999999997814,0.7450908844114111
0.4984999999999781,0.7450866272107616
0.4985999999999781,0.7450862092350338
0.4986999999999781,0.7450857912914073
0.4987999999999781,0.7450853733798783
0.4988999999999781,0.7450849555004434
0.49899999999997807,0.7450845376530985
0.49909999999997806,0.7451168956234466
0.49919999999997805,0.7451520751793956
0.49929999999997804,0.745189624370399
0.49939999999997803,0.745227171201926
0.499499999999978,0.7452647156741996
0.499599999999978,0.7453022577874419
0.499699999999978,0.7453397975418753
0.499799999999978,0.745377334937722
0.499899999999978,0.7454182542435528
0.49999999999997796,0.7454600265169119
0.500099999999978,0.7455488907408776
0.500199999999978,0.7456377503928999
0.500299999999978,0.7457266054733213
0.500399999999978,0.7458154559824944
0.500499999999978,0.7459041501926635
0.500599999999978,0.7459895399462482
0.5006999999999779,0.7460749245170951
0.5007999999999779,0.7461603039056762
0.5008999999999779,0.746245678112463
0.5009999999999779,0.7463310471379273
0.5010999999999779,0.7464842439196034
0.5011999999999779,0.7466380634000104
0.5012999999999779,0.7467934951285058
0.5013999999999779,0.7469489183629983
0.5014999999999779,0.7471043331041841
0.5015999999999778,0.7472597393527594
0.5016999999999778,0.7474151371094204
0.5017999999999778,0.7475705263748629
0.5018999999999778,0.7477244240758022
0.5019999999999778,0.7478768756678185
0.5020999999999778,0.7479207477999373
0.5021999999999778,0.7479646171924584
0.5022999999999778,0.7480084838456627
0.5023999999999778,0.7480523477598064
0.5024999999999777,0.7480962089351461
0.5025999999999777,0.7481352360904501
0.5026999999999777,0.7481724384920645
0.5027999999999777,0.7482096379094684
0.5028999999999777,0.7482468343430208
0.5029999999999777,0.7482840277930802
0.5030999999999777,0.7483190939970498
0.5031999999999777,0.7483541573886154
0.5032999999999777,0.7483828875910765
0.5033999999999776,0.7484111768299189
0.5034999999999776,0.7484394632885667
0.5035999999999776,0.7484677469674299
0.5036999999999776,0.7484960278669184
0.5037999999999776,0.7485243059874419
0.5038999999999776,0.7485516092908601
0.5039999999999776,0.748572691098769
0.5040999999999776,0.7486399664214539
0.5041999999999776,0.7487072338426491
0.5042999999999775,0.7487744933637362
0.5043999999999775,0.7488417449861063
0.5044999999999775,0.7489089887111512
0.5045999999999775,0.7489730818406736
0.5046999999999775,0.7490306664002915
0.5047999999999775,0.7490882427165746
0.5048999999999775,0.7491458107912928
0.5049999999999775,0.7492033706262154
0.5050999999999775,0.7492439472070528
0.5051999999999774,0.7492845179809372
0.5052999999999774,0.7493200592016197
0.5053999999999774,0.7493507183000263
0.5054999999999774,0.7493813722018358
0.5055999999999774,0.7494120209083689
0.5056999999999774,0.7494426644209463
0.5057999999999774,0.7494733027408881
0.5058999999999774,0.7495039358695141
0.5059999999999774,0.749528404341035
0.5060999999999773,0.7495940926655704
0.5061999999999773,0.7496597682751699
0.5062999999999773,0.7497254311735144
0.5063999999999773,0.7497910813642943
0.5064999999999773,0.7498567188511982
0.5065999999999773,0.749922343637913
0.5066999999999773,0.7499842841461851
0.5067999999999773,0.7500455273201364
0.5068999999999773,0.7501067579364649
0.5069999999999772,0.7501679759990327
0.5070999999999772,0.7501579507937459
0.5071999999999772,0.7501479276434321
0.5072999999999772,0.7501379065474749
0.5073999999999772,0.7501251487336795
0.5074999999999772,0.7501123844372946
0.5075999999999772,0.7500996228497624
0.5076999999999772,0.7500868639702205
0.5077999999999772,0.7500741077978069
0.5078999999999771,0.7500613543316605
0.5079999999999771,0.7500480770505566
0.5080999999999771,0.749990278367021
0.5081999999999771,0.74993249251602
0.5082999999999771,0.7498747194932901
0.5083999999999771,0.7498169592945596
0.5084999999999771,0.7497592119155594
0.5085999999999771,0.7497014773520221
0.5086999999999771,0.7496445059905447
0.508799999999977,0.749589509577249
0.508899999999977,0.7495345249669434
0.508999999999977,0.7494795521558286
0.509099999999977,0.7495313115492803
0.509199999999977,0.7495830598380504
0.509299999999977,0.7496347970256872
0.509399999999977,0.7496887244541215
0.509499999999977,0.7497459066932253
0.509599999999977,0.7498030775031228
0.509699999999977,0.7498602368872404
0.5097999999999769,0.7499173848490026
0.5098999999999769,0.7499745213918333
0.5099999999999769,0.7500316465191543
0.5100999999999769,0.7500963303394392
0.5101999999999769,0.7501650843644861
0.5102999999999769,0.7502338262135114
0.5103999999999769,0.7503025558897489
0.5104999999999769,0.7503712733964321
0.5105999999999769,0.7504399787367921
0.5106999999999768,0.7505086719140607
0.5107999999999768,0.7505810622130945
0.5108999999999768,0.7506556485615791
0.5109999999999768,0.7507302228849279
0.5110999999999768,0.7507328904722738
0.5111999999999768,0.7507355576295924
0.5112999999999768,0.7507382243570043
0.5113999999999768,0.7507408906546132
0.5114999999999768,0.7507492709652198
0.5115999999999767,0.750759817593684
0.5116999999999767,0.7507703627441135
0.5117999999999767,0.7507809064168185
0.5118999999999767,0.7507914486121099
0.5119999999999767,0.7508019893302984
0.5120999999999767,0.7507592080623644
0.5121999999999767,0.750719971993335
0.5122999999999767,0.7506815506936727
0.5123999999999767,0.7506431343308343
0.5124999999999766,0.7506047229038679
0.5125999999999766,0.7505663164118228
0.5126999999999766,0.7505279148537478
0.5127999999999766,0.7504895182286919
0.5128999999999766,0.7504533260346306
0.5129999999999766,0.7504174010004482
0.5130999999999766,0.7505306470111225
0.5131999999999766,0.7506438792209223
0.5132999999999766,0.7507570976323359
0.5133999999999765,0.7508703022478848
0.5134999999999765,0.7509834930700906
0.5135999999999765,0.7510982056523245
0.5136999999999765,0.751212963044749
0.5137999999999765,0.7513277069440842
0.5138999999999765,0.7514424373527101
0.5139999999999765,0.7515571542730051
0.5140999999999765,0.7516020845147486
0.5141999999999765,0.7516470862059725
0.5142999999999764,0.7516951795355574
0.5143999999999764,0.7517432676183887
0.5144999999999764,0.7517913504553251
0.5145999999999764,0.7518394280472241
0.5146999999999764,0.7518875003949447
0.5147999999999764,0.7519355674993446
0.5148999999999764,0.7519834256173289
0.5149999999999764,0.7520287858672028
0.5150999999999764,0.752029485062899
0.5151999999999763,0.7520301841773265
0.5152999999999763,0.75203088321051
0.5153999999999763,0.7520315821624639
0.5154999999999763,0.7520322810332022
0.5155999999999763,0.7520328432668923
0.5156999999999763,0.7520323804457629
0.5157999999999763,0.7520319176798316
0.5158999999999763,0.7520314549690886
0.5159999999999763,0.752030992313524
0.5160999999999762,0.7520579924472035
0.5161999999999762,0.7520849893614997
0.5162999999999762,0.7521119638871477
0.5163999999999762,0.7521388266968334
0.5164999999999762,0.7521656862949583
0.5165999999999762,0.7521925426820985
0.5166999999999762,0.7522193958588298
0.5167999999999762,0.7522462458257277
0.5168999999999762,0.7522730925833678
0.5169999999999761,0.7522997917725264
0.5170999999999761,0.7523114576855958
0.5171999999999761,0.7523231221787122
0.5172999999999761,0.7523347852521388
0.5173999999999761,0.7523464469061343
0.5174999999999761,0.752358107140958
0.5175999999999761,0.7523697659568688
0.5176999999999761,0.7523824311049143
0.5177999999999761,0.7523994736940168
0.517899999999976,0.7524165144535983
0.517999999999976,0.7524335533839535
0.518099999999976,0.7525064243729763
0.518199999999976,0.7525792875405759
0.518299999999976,0.7526521428879976
0.518399999999976,0.7527245582206437
0.518499999999976,0.7527951395564675
0.518599999999976,0.7528657128948274
0.518699999999976,0.7529362782370825
0.518799999999976,0.7530068355845919
0.5188999999999759,0.7530773849387138
0.5189999999999759,0.7531479263008068
0.5190999999999759,0.7532633754119441
0.5191999999999759,0.7533804680995361
0.5192999999999759,0.7534975481574564
0.5193999999999759,0.7536146155877493
0.5194999999999759,0.7537316703924571
0.5195999999999759,0.7538487125736223
0.5196999999999758,0.7539657421332867
0.5197999999999758,0.7540840622498716
0.5198999999999758,0.754208660679825
0.5199999999999758,0.7543332481843407
0.5200999999999758,0.7544047531475258
0.5201999999999758,0.7544762518413212
0.5202999999999758,0.7545477442665639
0.5203999999999758,0.7546192304240786
0.5204999999999758,0.754691852533392
0.5205999999999757,0.7547710687361464
0.5206999999999757,0.7548502796199689
0.5207999999999757,0.7549294851853946
0.5208999999999757,0.75500868543296
0.5209999999999757,0.7550878803632004
0.5210999999999757,0.7551164924901974
0.5211999999999757,0.7551453380977401
0.5212999999999757,0.7551760122056691
0.5213999999999757,0.7552066844222891
0.5214999999999756,0.7552373547477748
0.5215999999999756,0.7552680231823011
0.5216999999999756,0.755298689726043
0.5217999999999756,0.7553293543791754
0.5218999999999756,0.7553605971011562
0.5219999999999756,0.7553994423687782
0.5220999999999756,0.7554226806538793
0.5221999999999756,0.7554459180099891
0.5222999999999756,0.7554691544371667
0.5223999999999756,0.7554923899354679
0.5224999999999755,0.7555156245049488
0.5225999999999755,0.7555389590646922
0.5226999999999755,0.7555677194809429
0.5227999999999755,0.7555964791683885
0.5228999999999755,0.7556252381270571
0.5229999999999755,0.7556539963569756
0.5230999999999755,0.7557207461373776
0.5231999999999755,0.7557874942263981
0.5232999999999755,0.7558542406240915
0.5233999999999754,0.7559251778280731
0.5234999999999754,0.7559963064450024
0.5235999999999754,0.7560674340848307
0.5236999999999754,0.7561385607475783
0.5237999999999754,0.7562096864332652
0.5238999999999754,0.7562808111419117
0.5239999999999754,0.7563519348735379
0.5240999999999754,0.7564566360010115
0.5241999999999754,0.756561992292333
0.5242999999999753,0.7566673487155631
0.5243999999999753,0.7567727052707021
0.5244999999999753,0.7568780619577498
0.5245999999999753,0.7569834187767072
0.5246999999999753,0.7570887757275742
0.5247999999999753,0.7571926410570685
0.5248999999999753,0.7572961405605827
0.5249999999999753,0.7573996396859535
0.5250999999999753,0.75746972474296
0.5251999999999752,0.7575398095438981
0.5252999999999752,0.7576098940887773
0.5253999999999752,0.7576799783775994
0.5254999999999752,0.7577507513467137
0.5255999999999752,0.7578218023403417
0.5256999999999752,0.7578928532557371
0.5257999999999752,0.7579639040928995
0.5258999999999752,0.7580349548518294
0.5259999999999752,0.7581060055325267
0.5260999999999751,0.7581776079392608
0.5261999999999751,0.7582523033581581
0.5262999999999751,0.7583289603984236
0.5263999999999751,0.758405618376182
0.5264999999999751,0.7584822772914509
0.5265999999999751,0.7585589371442466
0.5266999999999751,0.7586355979345868
0.5267999999999751,0.7587122596624887
0.526899999999975,0.7587876611708155
0.526999999999975,0.7588618122629887
0.527099999999975,0.7589256912586255
0.527199999999975,0.7589895706125387
0.527299999999975,0.759053450324734
0.527399999999975,0.7591173303952139
0.527499999999975,0.7591812108239819
0.527599999999975,0.7592443328751077
0.527699999999975,0.7593062298465028
0.527799999999975,0.7593681268415847
0.527899999999975,0.7594300238603532
0.5279999999999749,0.759491920902808
0.5280999999999749,0.7595377060094561
0.5281999999999749,0.7595834911336209
0.5282999999999749,0.7596288294844933
0.5283999999999749,0.7596728501238255
0.5284999999999749,0.7597168705755105
0.5285999999999749,0.7597608908395498
0.5286999999999749,0.7598049109159444
0.5287999999999748,0.7598489308046957
0.5288999999999748,0.7598929505058045
0.5289999999999748,0.7599365085667069
0.5290999999999748,0.7599818370098889
0.5291999999999748,0.7600271647785832
0.5292999999999748,0.7600724918728028
0.5293999999999748,0.7601178182925638
0.5294999999999748,0.7601631440378802
0.5295999999999748,0.7602084691087676
0.5296999999999747,0.7602537935052409
0.5297999999999747,0.7602949416780307
0.5298999999999747,0.7603359413133148
0.5299999999999747,0.7603769398723379
0.5300999999999747,0.7604912454927834
0.5301999999999747,0.7606055481127467
0.5302999999999747,0.7607198477323278
0.5303999999999747,0.7608341443516445
0.5304999999999747,0.7609435018323107
0.5305999999999746,0.7610516799362433
0.5306999999999746,0.7611598534633137
0.5307999999999746,0.7612680224138121
0.5308999999999746,0.7613761867880291
0.5309999999999746,0.7614843465862547
0.5310999999999746,0.761575720133881
0.5311999999999746,0.7616621768340894
0.5312999999999746,0.7617458638994853
0.5313999999999746,0.7618295457377862
0.5314999999999745,0.761913222349481
0.5315999999999745,0.7619968937350602
0.5316999999999745,0.7620805598950127
0.5317999999999745,0.7621642208298285
0.5318999999999745,0.7622430056694735
0.5319999999999745,0.7623161211723493
0.5320999999999745,0.7623889080198422
0.5321999999999745,0.7624616883109173
0.5322999999999745,0.7625344620464602
0.5323999999999744,0.7626072292273569
0.5324999999999744,0.7626799898544926
0.5325999999999744,0.7627508471396707
0.5326999999999744,0.7628167014923641
0.5327999999999744,0.7628825487247324
0.5328999999999744,0.7629483888379297
0.5329999999999744,0.763014221833111
0.5330999999999744,0.7630870922482459
0.5331999999999744,0.7631599547861673
0.5332999999999744,0.7632317328348308
0.5333999999999743,0.7632908223132054
0.5334999999999743,0.7633499032755239
0.5335999999999743,0.7634089757236266
0.5336999999999743,0.7634680396593544
0.5337999999999743,0.763527095084547
0.5338999999999743,0.7635861420010436
0.5339999999999743,0.7636451804106829
0.5340999999999743,0.7636097908576043
0.5341999999999743,0.7635735077942548
0.5342999999999742,0.7635372306224357
0.5343999999999742,0.7635009593407116
0.5344999999999742,0.7634646939476485
0.5345999999999742,0.7634284344418125
0.5346999999999742,0.7633921808217701
0.5347999999999742,0.7633511961993259
0.5348999999999742,0.7633077265500694
0.5349999999999742,0.7632642647783112
0.5350999999999742,0.763254676601967
0.5351999999999741,0.7632450901628703
0.5352999999999741,0.7632355054605401
0.5353999999999741,0.7632259224945046
0.5354999999999741,0.7632176669466066
0.5355999999999741,0.76321117660313
0.5356999999999741,0.7632046873825507
0.5357999999999741,0.7631981992845769
0.5358999999999741,0.7631917123089178
0.535999999999974,0.7631852264552818
0.536099999999974,0.763169779909466
0.536199999999974,0.7631557524015989
0.536299999999974,0.7631476423891399
0.536399999999974,0.7631395336231672
0.536499999999974,0.7631314261033939
0.536599999999974,0.7631233198295321
0.536699999999974,0.7631152148012955
0.536799999999974,0.763107111018396
0.536899999999974,0.7630990084805475
0.5369999999999739,0.7630960789469758
0.5370999999999739,0.763105253424525
0.5371999999999739,0.7631144266240534
0.5372999999999739,0.7631235985458249
0.5373999999999739,0.763132769190107
0.5374999999999739,0.7631419385571658
0.5375999999999739,0.7631511066472687
0.5376999999999739,0.7631666059272606
0.5377999999999739,0.763184921510829
0.5378999999999738,0.7632032349833384
0.5379999999999738,0.7632215463451544
0.5380999999999738,0.7632771409018967
0.5381999999999738,0.7633327290519145
0.5382999999999738,0.7633883107963054
0.5383999999999738,0.7634460085788531
0.5384999999999738,0.7635065513366274
0.5385999999999738,0.7635670879076968
0.5386999999999738,0.7636276182930102
0.5387999999999737,0.7636881424935154
0.5388999999999737,0.76374866051016
0.5389999999999737,0.763809172343892
0.5390999999999737,0.7638692889976121
0.5391999999999737,0.7639342618997006
0.5392999999999737,0.7639992291395159
0.5393999999999737,0.7640641907177982
0.5394999999999737,0.7641291466352873
0.5395999999999737,0.7641940968927232
0.5396999999999736,0.764259041490846
0.5397999999999736,0.764323980430395
0.5398999999999736,0.7643927335581981
0.5399999999999736,0.7644620688704182
0.5400999999999736,0.7645024608557163
0.5401999999999736,0.7645428497879485
0.5402999999999736,0.7645832356674682
0.5403999999999736,0.764623618494622
0.5404999999999736,0.7646639982697553
0.5405999999999735,0.7647077736774734
0.5406999999999735,0.7647540899899488
0.5407999999999735,0.7648004035220883
0.5408999999999735,0.764846714274143
0.5409999999999735,0.7648930222463627
0.5410999999999735,0.764922929570961
0.5411999999999735,0.7649528351004549
0.5412999999999735,0.7649827426469904
0.5413999999999735,0.7650126588477801
0.5414999999999734,0.765042573254214
0.5415999999999734,0.7650724858664532
0.5416999999999734,0.7651023966846593
0.5417999999999734,0.765132305708994
0.5418999999999734,0.7651622129396183
0.5419999999999734,0.7651921183766938
0.5420999999999734,0.7651813610108202
0.5421999999999734,0.7651708508868447
0.5422999999999734,0.7651603412495153
0.5423999999999733,0.7651498320987976
0.5424999999999733,0.7651393234346585
0.5425999999999733,0.7651288152570638
0.5426999999999733,0.7651183075659798
0.5427999999999733,0.7651065646701002
0.5428999999999733,0.7650940917145328
0.5429999999999733,0.7650816194005069
0.5430999999999733,0.765082747238559
0.5431999999999733,0.7650838750186081
0.5432999999999732,0.7650850027406546
0.5433999999999732,0.7650861304047032
0.5434999999999732,0.7650869889883943
0.5435999999999732,0.7650872019276532
0.5436999999999732,0.765087414855453
0.5437999999999732,0.7650876277717935
0.5438999999999732,0.7650878406766767
0.5439999999999732,0.7650880535701032
0.5440999999999732,0.7651418627204286
0.5441999999999731,0.7651956689753641
0.5442999999999731,0.7652479871338261
0.5443999999999731,0.7653002239934663
0.5444999999999731,0.7653524578291115
0.5445999999999731,0.7654046886410237
0.5446999999999731,0.7654569164294663
0.5447999999999731,0.7655091411947011
0.5448999999999731,0.7655613629369912
0.5449999999999731,0.7656102874550894
0.545099999999973,0.765706763068937
0.545199999999973,0.7658032317057479
0.545299999999973,0.7658996933662657
0.545399999999973,0.7659961480512469
0.545499999999973,0.7660925957614482
0.545599999999973,0.766189036497626
0.545699999999973,0.7662852303479539
0.545799999999973,0.7663806218238524
0.545899999999973,0.7664760061451553
0.545999999999973,0.7665713833126673
0.5460999999999729,0.7666635627988315
0.5461999999999729,0.7667557353720841
0.5462999999999729,0.7668479010332038
0.5463999999999729,0.7669400597829678
0.5464999999999729,0.7670327082467986
0.5465999999999729,0.7671254322549823
0.5466999999999729,0.7672181494506818
0.5467999999999729,0.7673108598346483
0.5468999999999729,0.7674035634076317
0.5469999999999728,0.7674962601703829
0.5470999999999728,0.7674944683268977
0.5471999999999728,0.7674920686569884
0.5472999999999728,0.7674889939177956
0.5473999999999728,0.7674859194147278
0.5474999999999728,0.7674828451477571
0.5475999999999728,0.7674797711168573
0.5476999999999728,0.7674766973220005
0.5477999999999728,0.7674736237631599
0.5478999999999727,0.7674702331086851
0.5479999999999727,0.7674631844480793
0.5480999999999727,0.76747293703095
0.5481999999999727,0.7674826887640862
0.5482999999999727,0.7674924396475943
0.5483999999999727,0.7675021896815857
0.5484999999999727,0.7675119388661709
0.5485999999999727,0.7675216872014612
0.5486999999999727,0.7675317913024068
0.5487999999999726,0.7675420655500671
0.5488999999999726,0.767552338916932
0.5489999999999726,0.7675626114031147
0.5490999999999726,0.7675883894069729
0.5491999999999726,0.7676141652012107
0.5492999999999726,0.7676399387861079
0.5493999999999726,0.767666644798691
0.5494999999999726,0.7676959823398132
0.5495999999999726,0.7677253176393235
0.5496999999999725,0.767754650697479
0.5497999999999725,0.7677839815145366
0.5498999999999725,0.7678133100907533
0.5499999999999725,0.7678426364263855
0.5500999999999725,0.7678386682803789
0.5501999999999725,0.767835429398547
0.5502999999999725,0.7678323317234903
0.5503999999999725,0.7678292342780296
0.5504999999999725,0.7678261370621392
0.5505999999999724,0.7678230400757937
0.5506999999999724,0.7678199433189671
0.5507999999999724,0.7678168467916343
0.5508999999999724,0.7678148893722027
0.5509999999999724,0.7678146125114751
0.5510999999999724,0.7678108816657465
0.5511999999999724,0.7678071510690682
0.5512999999999724,0.7678034207214159
0.5513999999999724,0.7677996906227649
0.5514999999999723,0.7677959607730901
0.5515999999999723,0.7677922311723667
0.5516999999999723,0.7677885289517894
0.5517999999999723,0.7677848281113416
0.5518999999999723,0.7677811275176122
0.5519999999999723,0.7677774271705761
0.5520999999999723,0.7679202943164556
0.5521999999999723,0.7680631519390347
0.5522999999999723,0.7682060000392255
0.5523999999999722,0.7683511510606824
0.5524999999999722,0.7684985531055802
0.5525999999999722,0.7686459470800822
0.5526999999999722,0.7687933329848516
0.5527999999999722,0.7689407108205509
0.5528999999999722,0.7690880805878426
0.5529999999999722,0.7692354422873894
0.5530999999999722,0.7693044692382414
0.5531999999999722,0.7693759649488472
0.5532999999999721,0.7694474572251917
0.5533999999999721,0.7695189460675226
0.5534999999999721,0.7695904314760872
0.5535999999999721,0.7696619134511328
0.5536999999999721,0.7697333919929068
0.5537999999999721,0.7698048671016566
0.5538999999999721,0.7698773940525946
0.5539999999999721,0.7699507225171882
0.5540999999999721,0.769970149988258
0.554199999999972,0.769989576620184
0.554299999999972,0.7700090024130363
0.554399999999972,0.7700284273668689
0.554499999999972,0.7700478514817368
0.554599999999972,0.7700677863360156
0.554699999999972,0.7700933738781072
0.554799999999972,0.7701189607248119
0.554899999999972,0.7701445468761582
0.554999999999972,0.7701701323321744
0.555099999999972,0.7702201337368662
0.5551999999999719,0.7702701337827615
0.5552999999999719,0.7703201324699097
0.5553999999999719,0.7703721852858334
0.5554999999999719,0.7704256743260822
0.5555999999999719,0.7704791623978288
0.5556999999999719,0.7705326495010992
0.5557999999999719,0.7705861356359202
0.5558999999999719,0.7706396208023174
0.5559999999999719,0.770693105000318
0.5560999999999718,0.7707428541311524
0.5561999999999718,0.7707967027491047
0.5562999999999718,0.7708505510174655
0.5563999999999718,0.7709043989362377
0.5564999999999718,0.7709582465054254
0.5565999999999718,0.7710120937250317
0.5566999999999718,0.7710659405950597
0.5567999999999718,0.7711197871155133
0.5568999999999718,0.771176305083485
0.5569999999999717,0.7712348458859303
0.5570999999999717,0.7712697724865257
0.5571999999999717,0.771304699285597
0.5572999999999717,0.771339626283152
0.5573999999999717,0.7713745534791928
0.5574999999999717,0.7714094808737214
0.5575999999999717,0.7714446803277454
0.5576999999999717,0.771485754367837
0.5577999999999717,0.7715268292958194
0.5578999999999716,0.7715679051117217
0.5579999999999716,0.7716089818155718
0.5580999999999716,0.7716461571801274
0.5581999999999716,0.7716833333483301
0.5582999999999716,0.7717205103202074
0.5583999999999716,0.7717610011092801
0.5584999999999716,0.7718046871674875
0.5585999999999716,0.7718483749068279
0.5586999999999716,0.7718920643273983
0.5587999999999715,0.7719357554292959
0.5588999999999715,0.7719794482126178
0.5589999999999715,0.7720231426774605
0.5590999999999715,0.7721379270321151
0.5591999999999715,0.772252677343606
0.5592999999999715,0.7723674306195724
0.5593999999999715,0.7724821883003108
0.5594999999999715,0.7725969503860752
0.5595999999999715,0.7727117168771188
0.5596999999999714,0.7728264877736959
0.5597999999999714,0.7729412630760595
0.5598999999999714,0.7730569132928583
0.5599999999999714,0.7731738291642866
0.5600999999999714,0.7732134125138974
0.5601999999999714,0.7732529976013995
0.5602999999999714,0.7732925844269288
0.5603999999999714,0.7733321729906003
0.5604999999999714,0.7733717632925285
0.5605999999999713,0.7734113553328276
0.5606999999999713,0.7734542314807055
0.5607999999999713,0.773497722217176
0.5608999999999713,0.7735412153014479
0.5609999999999713,0.7735847107337109
0.5610999999999713,0.7737095141363975
0.5611999999999713,0.7738343242770321
0.5612999999999713,0.7739591411561368
0.5613999999999713,0.7740841845678323
0.5614999999999712,0.7742098386267026
0.5615999999999712,0.7743354997375389
0.5616999999999712,0.7744611679009349
0.5617999999999712,0.7745868431174845
0.5618999999999712,0.7747125253877815
0.5619999999999712,0.7748382147124195
0.5620999999999712,0.7748981762876908
0.5621999999999712,0.7749572110596917
0.5622999999999712,0.7750158127920126
0.5623999999999711,0.7750744176072529
0.5624999999999711,0.7751330255056569
0.5625999999999711,0.7751916364874676
0.5626999999999711,0.775250250552928
0.5627999999999711,0.7753088677022817
0.5628999999999711,0.7753674350040016
0.5629999999999711,0.7754254310972855
0.5630999999999711,0.7755223157238165
0.5631999999999711,0.7756192052915836
0.563299999999971,0.7757160998009527
0.563399999999971,0.7758129992523026
0.563499999999971,0.7759099036460111
0.563599999999971,0.7760068129824564
0.563699999999971,0.7761037352881299
0.563799999999971,0.7762006713144478
0.563899999999971,0.7762976122896915
0.563999999999971,0.7763945582142399
0.564099999999971,0.7764662095445726
0.564199999999971,0.776537864533231
0.5642999999999709,0.7766095231805024
0.5643999999999709,0.7766811854866673
0.5644999999999709,0.7767533522459972
0.5645999999999709,0.7768256037512734
0.5646999999999709,0.7768978590542371
0.5647999999999709,0.776970118155187
0.5648999999999709,0.7770423810544226
0.5649999999999709,0.7771146477522437
0.5650999999999708,0.7771701388049699
0.5651999999999708,0.7772258413339206
0.5652999999999708,0.7772822310447799
0.5653999999999708,0.7773386238496955
0.5654999999999708,0.777395019748922
0.5655999999999708,0.7774514187427141
0.5656999999999708,0.7775078208313263
0.5657999999999708,0.7775642260150136
0.5658999999999708,0.7776206342940307
0.5659999999999707,0.777678514422399
0.5660999999999707,0.7778037306668756
0.5661999999999707,0.7779289545769451
0.5662999999999707,0.778054186153292
0.5663999999999707,0.7781794253966207
0.5664999999999707,0.7783046723076348
0.5665999999999707,0.7784299268870389
0.5666999999999707,0.7785551891355372
0.5667999999999707,0.7786872324978288
0.5668999999999706,0.7788196558993876
0.5669999999999706,0.7789520898396333
0.5670999999999706,0.7790362015901107
0.5671999999999706,0.7791203200349948
0.5672999999999706,0.7792044451750988
0.5673999999999706,0.779288577011222
0.5674999999999706,0.7793730640957358
0.5675999999999706,0.7794584111130148
0.5676999999999706,0.7795437651875845
0.5677999999999706,0.7796291263203206
0.5678999999999705,0.7797144945120982
0.5679999999999705,0.7797998697637933
0.5680999999999705,0.7798032757058241
0.5681999999999705,0.7798066819295243
0.5682999999999705,0.7798155908078586
0.5683999999999705,0.779827850964813
0.5684999999999705,0.779840112414306
0.5685999999999705,0.7798523751565424
0.5686999999999705,0.7798646391917264
0.5687999999999704,0.7798769045200624
0.5688999999999704,0.779889171141755
0.5689999999999704,0.7799014390570091
0.5690999999999704,0.780039108484872
0.5691999999999704,0.7801769182632377
0.5692999999999704,0.7803147433475351
0.5693999999999704,0.7804525837403147
0.5694999999999704,0.7805904394441268
0.5695999999999704,0.7807283104615228
0.5696999999999703,0.7808661967950543
0.5697999999999703,0.7810052178873174
0.5698999999999703,0.7811475537907001
0.5699999999999703,0.7812899071194542
0.5700999999999703,0.7813442650900043
0.5701999999999703,0.7813986297160793
0.5702999999999703,0.781453000998927
0.5703999999999703,0.7815073789397705
0.5704999999999703,0.7815617635398331
0.5705999999999702,0.7816132437834103
0.5706999999999702,0.7816623837519655
0.5707999999999702,0.781711529078214
0.5708999999999702,0.7817606797630319
0.5709999999999702,0.7818098358072957
0.5710999999999702,0.7818961761945754
0.5711999999999702,0.781982525997546
0.5712999999999702,0.7820688852177368
0.5713999999999702,0.7821555183187663
0.5714999999999701,0.7822422099338732
0.5715999999999701,0.7823289110745286
0.5716999999999701,0.7824156217423032
0.5717999999999701,0.782502341938767
0.5718999999999701,0.7825890716654909
0.5719999999999701,0.7826758109240457
0.5720999999999701,0.7827665253150591
0.5721999999999701,0.782848162659752
0.57229999999997,0.7829298068162934
0.57239999999997,0.7830114577855359
0.57249999999997,0.7830931155683323
0.57259999999997,0.7831747801655354
0.57269999999997,0.7832564515779982
0.57279999999997,0.7833381298065739
0.57289999999997,0.7834160712810869
0.57299999999997,0.7834882185572709
0.57309999999997,0.783609107217828
0.57319999999997,0.7837300030234208
0.57329999999997,0.7838509059746693
0.5733999999999699,0.7839718160722065
0.5734999999999699,0.784092733316666
0.5735999999999699,0.7842136577086815
0.5736999999999699,0.7843268320810982
0.5737999999999699,0.7844358504324486
0.5738999999999699,0.7845448719154088
0.5739999999999699,0.7846538965301137
0.5740999999999699,0.7846838379948295
0.5741999999999698,0.7847137803196429
0.5742999999999698,0.7847437235046145
0.5743999999999698,0.7847736675497821
0.5744999999999698,0.7847885544628531
0.5745999999999698,0.784801751570354
0.5746999999999698,0.7848149484937258
0.5747999999999698,0.784828145232972
0.5748999999999698,0.7848413417880967
0.5749999999999698,0.7848545381591037
0.5750999999999697,0.784897907419114
0.5751999999999697,0.784939348213855
0.5752999999999697,0.7849686245262032
0.5753999999999697,0.7849978993790336
0.5754999999999697,0.7850271727724552
0.5755999999999697,0.7850564447065771
0.5756999999999697,0.7850857151815084
0.5757999999999697,0.7851149841973586
0.5758999999999697,0.7851442517542365
0.5759999999999696,0.7851671264593388
0.5760999999999696,0.7851932021655929
0.5761999999999696,0.7852192754061564
0.5762999999999696,0.7852453461813746
0.5763999999999696,0.7852714144915974
0.5764999999999696,0.7852974803371741
0.5765999999999696,0.7853235437184546
0.5766999999999696,0.7853496046357881
0.5767999999999696,0.7853674605580042
0.5768999999999695,0.785379392867236
0.5769999999999695,0.7853913236195068
0.5770999999999695,0.7854657617532906
0.5771999999999695,0.7855401901754672
0.5772999999999695,0.7856146088879179
0.5773999999999695,0.7856890178925429
0.5774999999999695,0.785763417191241
0.5775999999999695,0.7858112510365177
0.5776999999999695,0.7858518855743626
0.5777999999999694,0.7858925113243239
0.5778999999999694,0.7859331282892523
0.5779999999999694,0.7859737364719972
0.5780999999999694,0.7859105329478709
0.5781999999999694,0.7858473430865993
0.5782999999999694,0.7857841668837842
0.5783999999999694,0.785686816170106
0.5784999999999694,0.7855888892363136
0.5785999999999694,0.785490992130079
0.5786999999999694,0.7853931248377768
0.5787999999999693,0.7852952873457895
0.5788999999999693,0.7851974796405079
0.5789999999999693,0.7850997017083318
0.5790999999999693,0.7850300160508499
0.5791999999999693,0.7849201289163867
0.5792999999999693,0.7848102887405989
0.5793999999999693,0.784700495493392
0.5794999999999693,0.7845907491446975
0.5795999999999693,0.7844810496644727
0.5796999999999692,0.7843713970227005
0.5797999999999692,0.7842617911893891
0.5798999999999692,0.7841470438796889
0.5799999999999692,0.7840223799145888
0.5800999999999692,0.7839417724750549
0.5801999999999692,0.7838612025280552
0.5802999999999692,0.7837806700474241
0.5803999999999692,0.7837001750070339
0.5804999999999692,0.783619717380781
0.5805999999999691,0.7835392971425867
0.5806999999999691,0.7834659635544432
0.5807999999999691,0.7833995364990998
0.5808999999999691,0.78333313793146
0.5809999999999691,0.7832667678332023
0.5810999999999691,0.7831042652886107
0.5811999999999691,0.7829418323895315
0.5812999999999691,0.7827794690912309
0.581399999999969,0.7826171753489832
0.581499999999969,0.7824681855228033
0.581599999999969,0.7823260813955509
0.581699999999969,0.7821840308254657
0.581799999999969,0.7820420337822754
0.581899999999969,0.7819000902357314
0.581999999999969,0.7817582001556073
0.582099999999969,0.781718467293103
0.582199999999969,0.781678749391325
0.582299999999969,0.7816570305872652
0.5823999999999689,0.7816397470257329
0.5824999999999689,0.7816224689779924
0.5825999999999689,0.7816051964414054
0.5826999999999689,0.7815879294133359
0.5827999999999689,0.7815706678911487
0.5828999999999689,0.7815534118722108
0.5829999999999689,0.7815361613538916
0.5830999999999689,0.7814440115753031
0.5831999999999689,0.7813529505999532
0.5832999999999688,0.7812619148534217
0.5833999999999688,0.7811709043252247
0.5834999999999688,0.781079919004886
0.5835999999999688,0.780988958881933
0.5836999999999688,0.7808980239459005
0.5837999999999688,0.7808078957774752
0.5838999999999688,0.7807309395269433
0.5839999999999688,0.7806540018320071
0.5840999999999688,0.7805694457148722
0.5841999999999687,0.7804849099808867
0.5842999999999687,0.7804003946226835
0.5843999999999687,0.7803158996328967
0.5844999999999687,0.7802314250041636
0.5845999999999687,0.7801488973919022
0.5846999999999687,0.7800759982505497
0.5847999999999687,0.7800031145144048
0.5848999999999687,0.7799302461785851
0.5849999999999687,0.7798573932382105
0.5850999999999686,0.7797592364257766
0.5851999999999686,0.7796611003472866
0.5852999999999686,0.7795629849961797
0.5853999999999686,0.7794674097561152
0.5854999999999686,0.779378761518127
0.5855999999999686,0.7792901298540199
0.5856999999999686,0.7792015147591462
0.5857999999999686,0.7791129162288604
0.5858999999999686,0.7790243342585178
0.5859999999999685,0.7789357688434768
0.5860999999999685,0.7790091930471297
0.5861999999999685,0.7790869242193273
0.5862999999999685,0.7791724319180925
0.5863999999999685,0.7792579262994819
0.5864999999999685,0.779343407366607
0.5865999999999685,0.7794288751225773
0.5866999999999685,0.7795143295705024
0.5867999999999685,0.7795997707134894
0.5868999999999684,0.7796851985546464
0.5869999999999684,0.7797746930748632
0.5870999999999684,0.7797845649135322
0.5871999999999684,0.7797944354527064
0.5872999999999684,0.7798043046926703
0.5873999999999684,0.7798141726336796
0.5874999999999684,0.7798240392759911
0.5875999999999684,0.7798339046198607
0.5876999999999684,0.7798437686655455
0.5877999999999683,0.7798586319503873
0.5878999999999683,0.7798784187033692
0.5879999999999683,0.7798982033566683
0.5880999999999683,0.7799597595154298
0.5881999999999683,0.7800213091428299
0.5882999999999683,0.7800828522398946
0.5883999999999683,0.780144388807664
0.5884999999999683,0.7802059188471764
0.5885999999999683,0.7802699847367343
0.5886999999999682,0.7803360319945646
0.5887999999999682,0.7804020730134581
0.5888999999999682,0.7804681077942988
0.5889999999999682,0.780534136337971
0.5890999999999682,0.7805735518957962
0.5891999999999682,0.7806129637310558
0.5892999999999682,0.7806523718442849
0.5893999999999682,0.7806974516093699
0.5894999999999682,0.7807461880669025
0.5895999999999681,0.780794921087806
0.5896999999999681,0.7808436506724444
0.5897999999999681,0.7808923768211806
0.5898999999999681,0.7809410995343785
0.5899999999999681,0.7809898188124011
0.5900999999999681,0.7809328595553785
0.5901999999999681,0.7808788324173155
0.5902999999999681,0.7808264279565122
0.5903999999999681,0.780774026579668
0.590499999999968,0.7807216282865108
0.590599999999968,0.7806692330767679
0.590699999999968,0.7806168409501677
0.590799999999968,0.7805644519064379
0.590899999999968,0.7805120659453064
0.590999999999968,0.7804685577381241
0.591099999999968,0.7803960950948668
0.591199999999968,0.7803236342522122
0.591299999999968,0.7802511752101039
0.591399999999968,0.7801787179684748
0.5914999999999679,0.7801062625272578
0.5915999999999679,0.7800338088863856
0.5916999999999679,0.7799613570457913
0.5917999999999679,0.7798914206147824
0.5918999999999679,0.7798226492902137
0.5919999999999679,0.7797538790258177
0.5920999999999679,0.7798747949290536
0.5921999999999679,0.7799957089683497
0.5922999999999679,0.7801166211436891
0.5923999999999678,0.7802375314551144
0.5924999999999678,0.7803584399026692
0.5925999999999678,0.7804855957151018
0.5926999999999678,0.7806155975440042
0.5927999999999678,0.7807456003986326
0.5928999999999678,0.7808756042789989
0.5929999999999678,0.7810056091851159
0.5930999999999678,0.781059944694056
0.5931999999999678,0.7811142806316904
0.5932999999999677,0.7811686169980486
0.5933999999999677,0.7812289572813074
0.5934999999999677,0.7812921250395323
0.5935999999999677,0.7813552947240575
0.5936999999999677,0.7814184663349715
0.5937999999999677,0.7814816398723622
0.5938999999999677,0.7815448153363178
0.5939999999999677,0.7816079927269266
0.5940999999999677,0.7816779485163506
0.5941999999999676,0.7817491093360792
0.5942999999999676,0.7818208869079797
0.5943999999999676,0.7818926670027269
0.5944999999999676,0.7819644496204534
0.5945999999999676,0.7820362347612926
0.5946999999999676,0.7821080224253775
0.5947999999999676,0.7821798126128408
0.5948999999999676,0.7822516053238158
0.5949999999999676,0.7823232874186186
0.5950999999999675,0.782478979425185
0.5951999999999675,0.7826346768336954
0.5952999999999675,0.7827903796444039
0.5953999999999675,0.782946087857591
0.5954999999999675,0.7831018014735387
0.5955999999999675,0.783257520492528
0.5956999999999675,0.7834132449148397
0.5957999999999675,0.7835709783422884
0.5958999999999675,0.78373009103093
0.5959999999999674,0.7838892106122426
0.5960999999999674,0.7838565489886772
0.5961999999999674,0.7838238859501053
0.5962999999999674,0.7837912214964974
0.5963999999999674,0.7837585556277612
0.5964999999999674,0.7837258883438051
0.5965999999999674,0.7836925754730325
0.5966999999999674,0.7836587188328327
0.5967999999999674,0.7836248608282608
0.5968999999999673,0.7835910014592341
0.5969999999999673,0.7835571407256704
0.5970999999999673,0.7836128895620363
0.5971999999999673,0.7836686406452078
0.5972999999999673,0.7837243939752915
0.5973999999999673,0.7837774004819822
0.5974999999999673,0.783827447737616
0.5975999999999673,0.7838774962811583
0.5976999999999673,0.7839275461126595
0.5977999999999672,0.7839775972321686
0.5978999999999672,0.7840276496397359
0.5979999999999672,0.7840777033354106
0.5980999999999672,0.7840824413527218
0.5981999999999672,0.7840852905224485
0.5982999999999672,0.7840854117635362
0.5983999999999672,0.7840855330063167
0.5984999999999672,0.7840856542507892
0.5985999999999672,0.7840857754969547
0.5986999999999671,0.7840858967448125
0.5987999999999671,0.7840860179943631
0.5988999999999671,0.784086139245606
0.5989999999999671,0.7840840299717362
0.5990999999999671,0.7841381583814495
0.5991999999999671,0.7841922866018778
0.5992999999999671,0.7842464146330022
0.5993999999999671,0.7843005424748236
0.5994999999999671,0.7843546701273431
0.599599999999967,0.7844087975905618
0.599699999999967,0.78446292486448
0.599799999999967,0.7845150804053332
0.599899999999967,0.7845606997529927
0.599999999999967,0.7846063179517854
0.600099999999967,0.7847863440939823
0.600199999999967,0.7849663657026009
0.600299999999967,0.7851463827777687
0.600399999999967,0.7853263953196563
0.600499999999967,0.7855064033284354
0.6005999999999669,0.785685827441343
0.6006999999999669,0.78586125134448
0.6007999999999669,0.7860366687878604
0.6008999999999669,0.786212079771841
0.6009999999999669,0.7863874842967785
0.6010999999999669,0.7863263213526778
0.6011999999999669,0.7862651606605787
0.6012999999999669,0.7862040022204353
0.6013999999999668,0.7861427434226382
0.6014999999999668,0.7860719303164679
0.6015999999999668,0.7860011215576644
0.6016999999999668,0.7859303171458276
0.6017999999999668,0.7858595170805569
0.6018999999999668,0.7857887213614523
0.6019999999999668,0.7857179299881137
0.6020999999999668,0.7857320951489887
0.6021999999999668,0.7857462594404225
0.6022999999999668,0.785750339002215
0.6023999999999667,0.7857530900281914
0.6024999999999667,0.7857558408054269
0.6025999999999667,0.7857585913339563
0.6026999999999667,0.7857613416138128
0.6027999999999667,0.7857640916450302
0.6028999999999667,0.7857668414276422
0.6029999999999667,0.7857695909616826
0.6030999999999667,0.7858191874061381
0.6031999999999667,0.7858662792724365
0.6032999999999666,0.7859133657051458
0.6033999999999666,0.7859604467052069
0.6034999999999666,0.7860075222735593
0.6035999999999666,0.7860545924111436
0.6036999999999666,0.786101657118899
0.6037999999999666,0.7861487163977652
0.6038999999999666,0.7861931863347621
0.6039999999999666,0.7862359038999049
0.6040999999999666,0.7861749914683789
0.6041999999999665,0.7861140867322391
0.6042999999999665,0.786053189690063
0.6043999999999665,0.7859923003403914
0.6044999999999665,0.7859314186817674
0.6045999999999665,0.7858705447127343
0.6046999999999665,0.7858076916336008
0.6047999999999665,0.7857422836115723
0.6048999999999665,0.7856768846065617
0.6049999999999665,0.7856114946167051
0.6050999999999664,0.7856114675298522
0.6051999999999664,0.7856114404467549
0.6052999999999664,0.78561141336739
0.6053999999999664,0.785611386291757
0.6054999999999664,0.7856096523940523
0.6055999999999664,0.7856031994499532
0.6056999999999664,0.7855967475004941
0.6057999999999664,0.7855902965454455
0.6058999999999664,0.7855838465845774
0.6059999999999663,0.7855773976176599
0.6060999999999663,0.7855241296445523
0.6061999999999663,0.785470869878856
0.6062999999999663,0.7854171450476671
0.6063999999999663,0.7853582360251962
0.6064999999999663,0.7852993369269661
0.6065999999999663,0.7852404477504688
0.6066999999999663,0.7851815684931979
0.6067999999999663,0.7851226991526469
0.6068999999999662,0.785063839726311
0.6069999999999662,0.7850049902116858
0.6070999999999662,0.7850328291007915
0.6071999999999662,0.7850570426107731
0.6072999999999662,0.7850808061310789
0.6073999999999662,0.7851045654049685
0.6074999999999662,0.7851283204335808
0.6075999999999662,0.7851520712180527
0.6076999999999662,0.7851758177595217
0.6077999999999661,0.7851995600591251
0.6078999999999661,0.7852232981179992
0.6079999999999661,0.7852468545717904
0.6080999999999661,0.7852493823117502
0.6081999999999661,0.7852519095986683
0.6082999999999661,0.7852544364326739
0.6083999999999661,0.7852569628138879
0.6084999999999661,0.7852594887424331
0.6085999999999661,0.78526201421843
0.608699999999966,0.785264539242001
0.608799999999966,0.7852649262006857
0.608899999999966,0.7852629115315276
0.608999999999966,0.7852608972464731
0.609099999999966,0.785213796041984
0.609199999999966,0.7851667038157742
0.609299999999966,0.7851196205652917
0.609399999999966,0.785072546287971
0.609499999999966,0.7850254809812468
0.609599999999966,0.7849787457446982
0.6096999999999659,0.7849330113560266
0.6097999999999659,0.7848872855271665
0.6098999999999659,0.7848415682557148
0.6099999999999659,0.78479585953927
0.6100999999999659,0.7848257340248925
0.6101999999999659,0.7848556029212177
0.6102999999999659,0.7848854662297879
0.6103999999999659,0.784915331698417
0.6104999999999658,0.7849462894225548
0.6105999999999658,0.7849772414440519
0.6106999999999658,0.7850081877644834
0.6107999999999658,0.7850391283854248
0.6108999999999658,0.7850700633084504
0.6109999999999658,0.7851009925351343
0.6110999999999658,0.7850121309800764
0.6111999999999658,0.7849232857848899
0.6112999999999658,0.7848374608329475
0.6113999999999657,0.7847526079390047
0.6114999999999657,0.7846677698065206
0.6115999999999657,0.7845829464316434
0.6116999999999657,0.7844981378105228
0.6117999999999657,0.7844133439393098
0.6118999999999657,0.7843285648141571
0.6119999999999657,0.784243800431218
0.6120999999999657,0.7842460691749219
0.6121999999999657,0.7842496204930461
0.6122999999999656,0.78425317121696
0.6123999999999656,0.784256721346812
0.6124999999999656,0.7842602708827517
0.6125999999999656,0.7842638198249284
0.6126999999999656,0.7842673681734907
0.6127999999999656,0.7842709159285877
0.6128999999999656,0.7842754483901462
0.6129999999999656,0.7842833229528218
0.6130999999999656,0.7842622733098507
0.6131999999999656,0.7842412269540426
0.6132999999999655,0.7842201838846368
0.6133999999999655,0.7841991441008637
0.6134999999999655,0.7841781076019542
0.6135999999999655,0.7841570743871389
0.6136999999999655,0.7841360444556487
0.6137999999999655,0.7841159235151013
0.6138999999999655,0.7840958578561412
0.6139999999999655,0.7840757952797287
0.6140999999999655,0.7840908909113794
0.6141999999999654,0.7841059842243611
0.6142999999999654,0.7841210752191964
0.6143999999999654,0.7841361638964193
0.6144999999999654,0.7841512502565633
0.6145999999999654,0.7841683377312981
0.6146999999999654,0.7841864910026901
0.6147999999999654,0.7842046416292077
0.6148999999999654,0.7842227896114287
0.6149999999999654,0.7842409349499316
0.6150999999999653,0.7842320013142674
0.6151999999999653,0.7842230689798172
0.6152999999999653,0.7842141379463053
0.6153999999999653,0.7842060544339333
0.6154999999999653,0.7841995596776159
0.6155999999999653,0.7841930658267098
0.6156999999999653,0.7841865728810256
0.6157999999999653,0.7841800808403736
0.6158999999999653,0.7841735897045653
0.6159999999999652,0.7841670994734111
0.6160999999999652,0.7841246810652209
0.6161999999999652,0.7840824093490283
0.6162999999999652,0.7840444113145326
0.6163999999999652,0.7840064181470274
0.6164999999999652,0.7839684298455784
0.6165999999999652,0.7839304464092497
0.6166999999999652,0.783892467837108
0.6167999999999652,0.7838544941282183
0.6168999999999651,0.7838165252816464
0.6169999999999651,0.7837785612964593
0.6170999999999651,0.7836868255443081
0.6171999999999651,0.7835960924550692
0.6172999999999651,0.7835053702027053
0.6173999999999651,0.7834146587852747
0.6174999999999651,0.7833239582008368
0.6175999999999651,0.7832332684474513
0.617699999999965,0.7831425895231777
0.617799999999965,0.7830519214260773
0.617899999999965,0.7829637401548349
0.617999999999965,0.7828798440640179
0.618099999999965,0.7829183945809699
0.618199999999965,0.7829569411607341
0.618299999999965,0.7829954838038706
0.618399999999965,0.7830340225109824
0.618499999999965,0.7830725572826726
0.618599999999965,0.7831110881195434
0.618699999999965,0.7831496882266262
0.6187999999999649,0.7831924651416448
0.6188999999999649,0.7832352381539673
0.6189999999999649,0.7832780072641283
0.6190999999999649,0.7833211946671885
0.6191999999999649,0.7833643781306413
0.6192999999999649,0.7834075576550261
0.6193999999999649,0.7834507332408818
0.6194999999999649,0.783493904888747
0.6195999999999648,0.7835408354909031
0.6196999999999648,0.7835897318485233
0.6197999999999648,0.7836386244622966
0.6198999999999648,0.7836875133326543
0.6199999999999648,0.7837363984600256
0.6200999999999648,0.7837469628364931
0.6201999999999648,0.7837575264041884
0.6202999999999648,0.7837680891632179
0.6203999999999648,0.7837797869351633
0.6204999999999647,0.7837943425971393
0.6205999999999647,0.7838088972933203
0.6206999999999647,0.7838234510238021
0.6207999999999647,0.7838380037886808
0.6208999999999647,0.7838525555880526
0.6209999999999647,0.7838671064220135
0.6210999999999647,0.7839539836245765
0.6211999999999647,0.7840408550638485
0.6212999999999647,0.7841323969225542
0.6213999999999646,0.7842244480079478
0.6214999999999646,0.7843164942058406
0.6215999999999646,0.7844085355166219
0.6216999999999646,0.784500571940681
0.6217999999999646,0.7845926034784072
0.6218999999999646,0.7846846301301892
0.6219999999999646,0.7847766518964169
0.6220999999999646,0.7847123803247575
0.6221999999999646,0.7846505706778164
0.6222999999999645,0.7845887635275194
0.6223999999999645,0.7845269588737156
0.6224999999999645,0.7844651567162535
0.6225999999999645,0.784403357054982
0.6226999999999645,0.7843415598897495
0.6227999999999645,0.7842797652204058
0.6228999999999645,0.7842178552503986
0.6229999999999645,0.7841548893954713
0.6230999999999645,0.7840805814576614
0.6231999999999644,0.7840062767436748
0.6232999999999644,0.7839319752533054
0.6233999999999644,0.7838576769863438
0.6234999999999644,0.7837833819425801
0.6235999999999644,0.7837090901218049
0.6236999999999644,0.7836348015238079
0.6237999999999644,0.7835644068180986
0.6238999999999644,0.7834958224799515
0.6239999999999644,0.7834272401192534
0.6240999999999643,0.7834677398133971
0.6241999999999643,0.7835082383399117
0.6242999999999643,0.7835487356988087
0.6243999999999643,0.7835892318901383
0.6244999999999643,0.7836297269139509
0.6245999999999643,0.7836687881751185
0.6246999999999643,0.7837036383812984
0.6247999999999643,0.7837384870809891
0.6248999999999643,0.7837733342742884
0.6249999999999643,0.7838081799612938
0.6250999999999642,0.7838273150128431
0.6251999999999642,0.7838464492372968
0.6252999999999642,0.7838655826347141
0.6253999999999642,0.7838847152051489
0.6254999999999642,0.7839037259255217
0.6255999999999642,0.7839227081110103
0.6256999999999642,0.7839416894689026
0.6257999999999642,0.7839606699992532
0.6258999999999642,0.7839796497021158
0.6259999999999641,0.7839986285775444
0.6260999999999641,0.7840488838998384
0.6261999999999641,0.7840991370313222
0.6262999999999641,0.7841487550345906
0.6263999999999641,0.7841972557554974
0.6264999999999641,0.784245754146008
0.6265999999999641,0.7842942502062906
0.6266999999999641,0.7843427439365132
0.626799999999964,0.7843912353368434
0.626899999999964,0.7844397244074492
0.626999999999964,0.7844882111484991
0.627099999999964,0.7844800419101462
0.627199999999964,0.7866717029840402
0.627299999999964,0.7891246591869323
0.627399999999964,0.7915928932006504
0.627499999999964,0.7940765482038551
0.627599999999964,0.796575769169912
0.627699999999964,0.7990907028950995
0.6277999999999639,0.8016214980273524
0.6278999999999639,0.8041683050955476
0.6279999999999639,0.8048571192541831
0.6280999999999639,0.8030621961136449
0.6281999999999639,0.8012755095639097
0.6282999999999639,0.7994970030403143
0.6283999999999639,0.7977266204949732
0.6284999999999639,0.7959643063908711
0.6285999999999639,0.7942100056960574
0.6286999999999638,0.7924636638779167
0.6287999999999638,0.7907252268975196
0.6288999999999638,0.7909111488057193
0.6289999999999638,0.7912226332073282
0.6290999999999638,0.7914664345809009
0.6291999999999638,0.7917103940963055
0.6292999999999638,0.7919545119074844
0.6293999999999638,0.7921987881685555
0.6294999999999638,0.7924432230338369
0.6295999999999637,0.7926878166578469
0.6296999999999637,0.7927218578334347
0.6297999999999637,0.7924893053591665
0.6298999999999637,0.7922568818133375
0.6299999999999637,0.7920245870887592
0.6300999999999637,0.7918680007127225
0.6301999999999637,0.7917115010769734
0.6302999999999637,0.7915550881094302
0.6303999999999637,0.7913987617381192
0.6304999999999636,0.7912425218911454
0.6305999999999636,0.7907565473664045
0.6306999999999636,0.7902474031139567
0.6307999999999636,0.7897389946965838
0.6308999999999636,0.7892313205202509
0.6309999999999636,0.7887243789955249
0.6310999999999636,0.7882573208146
0.6311999999999636,0.7877909356988567
0.6312999999999636,0.7873252221944237
0.6313999999999635,0.7869736713913809
0.6314999999999635,0.786784316407827
0.6315999999999635,0.7865951012974716
0.6316999999999635,0.7864060259053899
0.6317999999999635,0.7862170900768842
0.6318999999999635,0.7860282936574866
0.6319999999999635,0.7858396364929569
0.6320999999999635,0.785541160021795
0.6321999999999635,0.7852429035424052
0.6322999999999634,0.7850244208462069
0.6323999999999634,0.7848168740684975
0.6324999999999634,0.7846094323753177
0.6325999999999634,0.7844020956868788
0.6326999999999634,0.7841948639234723
0.6327999999999634,0.7839877370054709
0.6328999999999634,0.7837807148533275
0.6329999999999634,0.7835737973875753
0.6330999999999634,0.7834267439284642
0.6331999999999633,0.7833419873645623
0.6332999999999633,0.7832572533330443
0.6333999999999633,0.7831725418249262
0.6334999999999633,0.783087852831229
0.6335999999999633,0.7830031863429776
0.6336999999999633,0.7829185423512022
0.6337999999999633,0.7828339208469384
0.6338999999999633,0.7827493218212255
0.6339999999999633,0.7826531638156287
0.6340999999999632,0.7825157334985332
0.6341999999999632,0.7823783448717184
0.6342999999999632,0.782240997916231
0.6343999999999632,0.782103692613114
0.6344999999999632,0.7819664289434237
0.6345999999999632,0.7818292068882262
0.6346999999999632,0.7816920264286005
0.6347999999999632,0.781558338963059
0.6348999999999632,0.7814372608251631
0.6349999999999631,0.7813162144102644
0.6350999999999631,0.7813009222377377
0.6351999999999631,0.7812856340708159
0.6352999999999631,0.7812703499078862
0.6353999999999631,0.7812550697473769
0.6354999999999631,0.7812397935877148
0.6355999999999631,0.7812245214273297
0.6356999999999631,0.7812107712504737
0.6357999999999631,0.7811978884520576
0.635899999999963,0.7811850089465021
0.635999999999963,0.7811721327325458
0.636099999999963,0.7810925563441182
0.636199999999963,0.7810130002877042
0.636299999999963,0.7809334645555366
0.636399999999963,0.7808539491398285
0.636499999999963,0.7807745600274908
0.636599999999963,0.7806973109615304
0.636699999999963,0.7806200811800654
0.636799999999963,0.7805428706758748
0.6368999999999629,0.7804656794417425
0.6369999999999629,0.7803885074704552
0.6370999999999629,0.7803687400671602
0.6371999999999629,0.7803489775955531
0.6372999999999629,0.780329220053767
0.6373999999999629,0.7803110415424299
0.6374999999999629,0.7802948199187377
0.6375999999999629,0.7802786021935202
0.6376999999999629,0.7802623883653719
0.6377999999999628,0.7802461784328883
0.6378999999999628,0.7802299723946661
0.6379999999999628,0.7802137702493012
0.6380999999999628,0.7800691156926546
0.6381999999999628,0.7799244958751348
0.6382999999999628,0.7797845758427239
0.6383999999999628,0.7796456199193218
0.6384999999999628,0.7795066953607228
0.6385999999999628,0.779367802156309
0.6386999999999627,0.7792289402954666
0.6387999999999627,0.7790901097675874
0.6388999999999627,0.7789513105620671
0.6389999999999627,0.778812542668307
0.6390999999999627,0.7787225007888295
0.6391999999999627,0.7786328888240573
0.6392999999999627,0.7785432969489022
0.6393999999999627,0.7784537251566093
0.6394999999999627,0.7783641734404267
0.6395999999999626,0.7782746417936056
0.6396999999999626,0.7781851302094002
0.6397999999999626,0.7780956386810673
0.6398999999999626,0.7780061672018677
0.6399999999999626,0.7779209613247464
0.6400999999999626,0.7778547917758314
0.6401999999999626,0.7777886357855683
0.6402999999999626,0.7777224933497842
0.6403999999999626,0.777656364464314
0.6404999999999625,0.7775902491249937
0.6405999999999625,0.7775241473276617
0.6406999999999625,0.7774580590681581
0.6407999999999625,0.7773919843423241
0.6408999999999625,0.7773317313243137
0.6409999999999625,0.7772719620127903
0.6410999999999625,0.7772691496923222
0.6411999999999625,0.7772663379021375
0.6412999999999625,0.7772635266420651
0.6413999999999624,0.7772607159119548
0.6414999999999624,0.7772579057116571
0.6415999999999624,0.7772550960410218
0.6416999999999624,0.7772532554385552
0.6417999999999624,0.7772540980642046
0.6418999999999624,0.7772549405389965
0.6419999999999624,0.7772557828629713
0.6420999999999624,0.7772271742466589
0.6421999999999624,0.7771985707508365
0.6422999999999623,0.7771699723741411
0.6423999999999623,0.7771413791151982
0.6424999999999623,0.7771127909726345
0.6425999999999623,0.777086343879635
0.6426999999999623,0.7770613612998294
0.6427999999999623,0.7770363829579953
0.6428999999999623,0.777011408853054
0.6429999999999623,0.7769864389839277
0.6430999999999623,0.7769183321060597
0.6431999999999622,0.7768502367777077
0.6432999999999622,0.7767821529959499
0.6433999999999622,0.7767140807578503
0.6434999999999622,0.7766500927209999
0.6435999999999622,0.7765865127245539
0.6436999999999622,0.7765229427737332
0.6437999999999622,0.7764593828661571
0.6438999999999622,0.7763958329994455
0.6439999999999622,0.7763322931712197
0.6440999999999621,0.7762343705790395
0.6441999999999621,0.7761364634524851
0.6442999999999621,0.7760395906858087
0.6443999999999621,0.7759464244257183
0.6444999999999621,0.7758532717457748
0.6445999999999621,0.7757601326430101
0.6446999999999621,0.7756670071144556
0.6447999999999621,0.7755738951571441
0.6448999999999621,0.7754807967681092
0.644999999999962,0.7753877119443854
0.645099999999962,0.7753512039894656
0.645199999999962,0.7753156006298173
0.645299999999962,0.775280866930397
0.645399999999962,0.7752461381325338
0.645499999999962,0.7752114142351901
0.645599999999962,0.7751766952373289
0.645699999999962,0.775141981137913
0.645799999999962,0.7751072719359058
0.645899999999962,0.7750725676302713
0.6459999999999619,0.7750378682199729
0.6460999999999619,0.7751036521606975
0.6461999999999619,0.7751702462000506
0.6462999999999619,0.7752368315226216
0.6463999999999619,0.7753034081301212
0.6464999999999619,0.7753699760242606
0.6465999999999619,0.7754365352067502
0.6466999999999619,0.7755030856792998
0.6467999999999618,0.7755696274436193
0.6468999999999618,0.7756365436336756
0.6469999999999618,0.7757092904026927
0.6470999999999618,0.7756566955374965
0.6471999999999618,0.7756041067090415
0.6472999999999618,0.7755515239163364
0.6473999999999618,0.7754989471583422
0.6474999999999618,0.7754463764340203
0.6475999999999618,0.775393811742332
0.6476999999999618,0.775341253082239
0.6477999999999617,0.7752870390807989
0.6478999999999617,0.7752292978212368
0.6479999999999617,0.77517156395982
0.6480999999999617,0.7750624390354732
0.6481999999999617,0.774953328091034
0.6482999999999617,0.7748442311238357
0.6483999999999617,0.774735148131193
0.6484999999999617,0.7746260791104207
0.6485999999999617,0.7745170240588346
0.6486999999999616,0.7744105829480047
0.6487999999999616,0.7743061467992588
0.6488999999999616,0.7742017227854577
0.6489999999999616,0.774097310904487
0.6490999999999616,0.7741081665012595
0.6491999999999616,0.7741190208369313
0.6492999999999616,0.7741298739116778
0.6493999999999616,0.774140725725719
0.6494999999999616,0.7741515762792744
0.6495999999999615,0.7741586032479332
0.6496999999999615,0.7741646779661575
0.6497999999999615,0.7741707519040036
0.6498999999999615,0.7741768250616224
0.6499999999999615,0.7741828974391638
0.6500999999999615,0.7741635089506222
0.6501999999999615,0.7741441229521391
0.6502999999999615,0.7741247394432447
0.6503999999999615,0.7741055944208229
0.6504999999999614,0.7740962996137793
0.6505999999999614,0.7740870057580469
0.6506999999999614,0.7740777128534799
0.6507999999999614,0.7740684208999324
0.6508999999999614,0.7740591298972579
0.6509999999999614,0.7740498398453107
0.6510999999999614,0.7740194287177227
0.6511999999999614,0.77398902070171
0.6512999999999614,0.77395776247656
0.6513999999999613,0.7739237182678861
0.6514999999999613,0.7738896778623923
0.6515999999999613,0.7738556412594411
0.6516999999999613,0.7738216084583955
0.6517999999999613,0.7737875794586182
0.6518999999999613,0.7737535542594728
0.6519999999999613,0.7737195328603225
0.6520999999999613,0.7737041765463119
0.6521999999999613,0.7736865183666072
0.6522999999999612,0.773665848670443
0.6523999999999612,0.7736451815662369
0.6524999999999612,0.773624517053501
0.6525999999999612,0.7736038551317478
0.6526999999999612,0.7735831958004912
0.6527999999999612,0.7735625390592428
0.6528999999999612,0.7735418849075162
0.6529999999999612,0.7735212333448244
0.6530999999999612,0.7734654453179607
0.6531999999999611,0.7734116687690371
0.6532999999999611,0.7733578982257151
0.6533999999999611,0.7733041336869874
0.6534999999999611,0.773250375151849
0.6535999999999611,0.7731966226192944
0.6536999999999611,0.7731428760883181
0.6537999999999611,0.7730891355579154
0.6538999999999611,0.7730354010270808
0.6539999999999611,0.7729834947552918
0.654099999999961,0.7729099064365221
0.654199999999961,0.7728363258956671
0.654299999999961,0.7727627531315018
0.654399999999961,0.772689188142794
0.654499999999961,0.7726156309283114
0.654599999999961,0.7725420814868215
0.654699999999961,0.7724685398170922
0.654799999999961,0.7723950059178915
0.654899999999961,0.7723157765305873
0.654999999999961,0.7722363109587564
0.6550999999999609,0.7722155274699758
0.6551999999999609,0.7721947464968271
0.6552999999999609,0.7721739680388299
0.6553999999999609,0.772153192095528
0.6554999999999609,0.7721324186664646
0.6555999999999609,0.7721116477511843
0.6556999999999609,0.7720915941355133
0.6557999999999609,0.7720773266367131
0.6558999999999608,0.7720630606239693
0.6559999999999608,0.7720487960970495
0.6560999999999608,0.771989914754599
0.6561999999999608,0.7719310395440624
0.6562999999999608,0.7718721704644986
0.6563999999999608,0.7718133075149505
0.6564999999999608,0.7717544506944607
0.6565999999999608,0.77169549774108
0.6566999999999608,0.7716362430886404
0.6567999999999607,0.7715769946680544
0.6568999999999607,0.7715177524783392
0.6569999999999607,0.7714585165185116
0.6570999999999607,0.7714875539753686
0.6571999999999607,0.7715165883790127
0.6572999999999607,0.7715456197298906
0.6573999999999607,0.7715746480284836
0.6574999999999607,0.7716026967693151
0.6575999999999607,0.7716291266914069
0.6576999999999606,0.7716555536576098
0.6577999999999606,0.7716819776684203
0.6578999999999606,0.7717083987243338
0.6579999999999606,0.7717348168258458
0.6580999999999606,0.7716526965450858
0.6581999999999606,0.7715705854459433
0.6582999999999606,0.7714884835269205
0.6583999999999606,0.7714082655594516
0.6584999999999606,0.7713299911166669
0.6585999999999606,0.7712517246505755
0.6586999999999605,0.7711734661599577
0.6587999999999605,0.7710952156435955
0.6588999999999605,0.7710169731002697
0.6589999999999605,0.7709387385287622
0.6590999999999605,0.7709677796157992
0.6591999999999605,0.770996817744301
0.6592999999999605,0.7710248401309504
0.6593999999999605,0.7710521714672423
0.6594999999999605,0.7710794998990035
0.6595999999999604,0.7711068254266972
0.6596999999999604,0.7711341480507868
0.6597999999999604,0.7711614677717344
0.6598999999999604,0.7711887845900032
0.6599999999999604,0.7712160985060549
0.6600999999999604,0.7711537647180208
0.6601999999999604,0.7710901633380556
0.6602999999999604,0.7710259878743683
0.6603999999999604,0.7709618195361666
0.6604999999999603,0.7708976583222642
0.6605999999999603,0.7708335042314747
0.6606999999999603,0.7707693572626115
0.6607999999999603,0.7707052174144893
0.6608999999999603,0.7706410846859219
0.6609999999999603,0.7705769590757243
0.6610999999999603,0.7705415884998065
0.6611999999999603,0.7705071040326513
0.6612999999999603,0.7704726230548222
0.6613999999999602,0.7704381455657889
0.6614999999999602,0.7704036715650227
0.6615999999999602,0.7703692010519938
0.6616999999999602,0.7703347340261728
0.6617999999999602,0.7703002704870306
0.6618999999999602,0.7702658104340384
0.6619999999999602,0.7702308345690709
0.6620999999999602,0.7701316459137246
0.6621999999999602,0.7700324674506889
0.6622999999999601,0.7699332991784177
0.6623999999999601,0.769834141095341
0.6624999999999601,0.7697349931998884
0.6625999999999601,0.7696358554904895
0.6626999999999601,0.769536727965575
0.6627999999999601,0.7694376106235755
0.6628999999999601,0.7693388719580749
0.6629999999999601,0.76924018956466
0.66309999999996,0.769224995461102
0.66319999999996,0.7692098029017016
0.66329999999996,0.76919461188619
0.66339999999996,0.7691794224143318
0.66349999999996,0.7691642344858917
0.66359999999996,0.7691490481006348
0.66369999999996,0.7691338632583257
0.66379999999996,0.7691175220090652
0.66389999999996,0.7691010974779728
0.66399999999996,0.7690846746684439
0.66409999999996,0.7690747316583775
0.6641999999999599,0.769064789690397
0.6642999999999599,0.7690548487643356
0.6643999999999599,0.7690449088800293
0.6644999999999599,0.7690349700373149
0.6645999999999599,0.7690250322360278
0.6646999999999599,0.7690144457714192
0.6647999999999599,0.769003835196866
0.6648999999999599,0.7689932257525727
0.6649999999999598,0.7689826174383586
0.6650999999999598,0.7689927000203809
0.6651999999999598,0.7690027815285659
0.6652999999999598,0.7690128619630772
0.6653999999999598,0.769022941324086
0.6654999999999598,0.769033019611764
0.6655999999999598,0.7690428590409174
0.6656999999999598,0.7690526929286138
0.6657999999999598,0.7690625257630922
0.6658999999999597,0.7690723575445217
0.6659999999999597,0.7690821882730712
0.6660999999999597,0.769068774735978
0.6661999999999597,0.7690553626351696
0.6662999999999597,0.7690419519704247
0.6663999999999597,0.7690285427415124
0.6664999999999597,0.7690150093140797
0.6665999999999597,0.7690014758409719
0.6666999999999597,0.7689879438210862
0.6667999999999596,0.7689744132541884
0.6668999999999596,0.768960884140045
0.6669999999999596,0.7689473564784219
0.6670999999999596,0.7688824521443405
0.6671999999999596,0.7688175547777851
0.6672999999999596,0.7687526643776548
0.6673999999999596,0.7686879310033666
0.6674999999999596,0.768623207179437
0.6675999999999596,0.7685584902764788
0.6676999999999595,0.7684937802933822
0.6677999999999595,0.7684290772290373
0.6678999999999595,0.7683643810823345
0.6679999999999595,0.7682996918521645
0.6680999999999595,0.7682088303467887
0.6681999999999595,0.7681179785541816
0.6682999999999595,0.7680280135152135
0.6683999999999595,0.7679380895033006
0.6684999999999595,0.767848174889686
0.6685999999999594,0.7677582696728973
0.6686999999999594,0.7676683738514606
0.6687999999999594,0.7675784874239039
0.6688999999999594,0.7674886103887547
0.6689999999999594,0.7673987427445407
0.6690999999999594,0.7673072611721085
0.6691999999999594,0.7672163980096381
0.6692999999999594,0.7671255862196875
0.6693999999999594,0.767034783762314
0.6694999999999593,0.7669439906360793
0.6695999999999593,0.766853206839545
0.6696999999999593,0.7667624323712736
0.6697999999999593,0.7666716672298269
0.6698999999999593,0.7665809114137677
0.6699999999999593,0.7664901649216587
0.6700999999999593,0.7664960924394664
0.6701999999999593,0.7665020813949572
0.6702999999999593,0.7665080697443541
0.6703999999999593,0.7665140574877487
0.6704999999999592,0.7665200446252334
0.6705999999999592,0.7665260311569001
0.6706999999999592,0.7665320170828405
0.6707999999999592,0.7665380024031467
0.6708999999999592,0.7665439871179107
0.6709999999999592,0.7665499908365898
0.6710999999999592,0.7664353742625387
0.6711999999999592,0.766320769275595
0.6712999999999592,0.7662061758740504
0.6713999999999591,0.7660915940561485
0.6714999999999591,0.765977023820133
0.6715999999999591,0.7658624651642483
0.6716999999999591,0.7657479180867384
0.6717999999999591,0.7656333825858477
0.6718999999999591,0.7655187011194302
0.6719999999999591,0.7654039849869798
0.6720999999999591,0.7654633400449494
0.672199999999959,0.7655226890739247
0.672299999999959,0.7655820320747527
0.672399999999959,0.7656413690483521
0.672499999999959,0.7657006999956415
0.672599999999959,0.765760024917538
0.672699999999959,0.7658193438149599
0.672799999999959,0.7658798003713366
0.672899999999959,0.7659407549431062
0.672999999999959,0.766001703588055
0.673099999999959,0.765939211187057
0.6731999999999589,0.765876724861767
0.6732999999999589,0.7658142446113495
0.6733999999999589,0.7657517704349187
0.6734999999999589,0.7656893023315889
0.6735999999999589,0.7656268403004747
0.6736999999999589,0.7655656586562226
0.6737999999999589,0.7655053209932695
0.6738999999999589,0.7654449888616434
0.6739999999999589,0.7653846622605835
0.6740999999999588,0.7653110569503012
0.6741999999999588,0.765237458386696
0.6742999999999588,0.7651638665688456
0.6743999999999588,0.765090281495823
0.6744999999999588,0.7650167031667009
0.6745999999999588,0.7649431764303944
0.6746999999999588,0.7648697012769999
0.6747999999999588,0.7647962328392761
0.6748999999999588,0.7647227711163023
0.6749999999999587,0.7646493161071577
0.6750999999999587,0.7645457196522122
0.6751999999999587,0.7644421326642977
0.6752999999999587,0.7643385551421298
0.6753999999999587,0.7642349870844111
0.6754999999999587,0.7641312862443251
0.6755999999999587,0.7640273671633498
0.6756999999999587,0.7639234576773607
0.6757999999999587,0.7638195577850289
0.6758999999999586,0.7637156674850258
0.6759999999999586,0.7636117867760233
0.6760999999999586,0.7635555518697587
0.6761999999999586,0.7634993221545582
0.6762999999999586,0.7634430976296843
0.6763999999999586,0.7633870526671755
0.6764999999999586,0.7633315181108413
0.6765999999999586,0.763275988581084
0.6766999999999586,0.7632204640772212
0.6767999999999585,0.7631649445985705
0.6768999999999585,0.7631094301444493
0.6769999999999585,0.7630539207141764
0.6770999999999585,0.7630289730192745
0.6771999999999585,0.7630040275818526
0.6772999999999585,0.7629792257150418
0.6773999999999585,0.76295549919682
0.6774999999999585,0.7629317747497507
0.6775999999999585,0.7629080523735627
0.6776999999999584,0.7628843320679849
0.6777999999999584,0.7628606138327463
0.6778999999999584,0.762836897667576
0.6779999999999584,0.7628131835722028
0.6780999999999584,0.7627909527174637
0.6781999999999584,0.7627687238027246
0.6782999999999584,0.7627483921490427
0.6783999999999584,0.7627281333303207
0.6784999999999584,0.7627078761748353
0.6785999999999583,0.762687620682382
0.6786999999999583,0.7626673668527562
0.6787999999999583,0.7626471146857527
0.6788999999999583,0.7626268641811674
0.6789999999999583,0.7626066153387949
0.6790999999999583,0.7625324613107908
0.6791999999999583,0.7624591504079256
0.6792999999999583,0.7623860560355759
0.6793999999999583,0.7623129674611662
0.6794999999999582,0.7622398846840066
0.6795999999999582,0.7621668077034072
0.6796999999999582,0.7620937365186786
0.6797999999999582,0.7620206711291316
0.6798999999999582,0.7619476115340763
0.6799999999999582,0.7618745577328239
0.6800999999999582,0.7618048931111984
0.6801999999999582,0.7617356773223465
0.6802999999999582,0.7616664668088823
0.6803999999999581,0.7615972615702022
0.6804999999999581,0.7615280616057037
0.6805999999999581,0.7614588669147836
0.6806999999999581,0.7613896774968393
0.6807999999999581,0.761320493351268
0.6808999999999581,0.7612513144774665
0.6809999999999581,0.7611824263883996
0.6810999999999581,0.7610980447449397
0.6811999999999581,0.7610136693840035
0.681299999999958,0.760929300304896
0.681399999999958,0.7608449375069158
0.681499999999958,0.7607605809893612
0.681599999999958,0.7606762307515315
0.681699999999958,0.7605918867927246
0.681799999999958,0.7605075491122405
0.681899999999958,0.7604236025594204
0.681999999999958,0.7603409519685114
0.682099999999958,0.7602819242097415
0.682199999999958,0.7602229005842253
0.6822999999999579,0.7601638810915186
0.6823999999999579,0.7601048657311876
0.6824999999999579,0.7600458545027982
0.6825999999999579,0.759986847405916
0.6826999999999579,0.7599278444401079
0.6827999999999579,0.759868850620768
0.6828999999999579,0.7598101851989244
0.6829999999999579,0.7597515238329595
0.6830999999999579,0.7596917607060005
0.6831999999999578,0.759632001710525
0.6832999999999578,0.759572246846105
0.6833999999999578,0.7595124961123124
0.6834999999999578,0.7594527495087184
0.6835999999999578,0.759393007034895
0.6836999999999578,0.7593332686904142
0.6837999999999578,0.7592714408412353
0.6838999999999578,0.7592090551741875
0.6839999999999578,0.7591466742551372
0.6840999999999577,0.7591010458821041
0.6841999999999577,0.7590554209814608
0.6842999999999577,0.7590097995528037
0.6843999999999577,0.7589641815957365
0.6844999999999577,0.7589185671098633
0.6845999999999577,0.7588729560947874
0.6846999999999577,0.7588271802347141
0.6847999999999577,0.7587812694827768
0.6848999999999577,0.7587353622608902
0.6849999999999576,0.7586894585686468
0.6850999999999576,0.7586315555462072
0.6851999999999576,0.7585736569753777
0.6852999999999576,0.7585157628556505
0.6853999999999576,0.7584578731865118
0.6854999999999576,0.7583999879674486
0.6855999999999576,0.7589771670058455
0.6856999999999576,0.7610665689752659
0.6857999999999576,0.7631676662590992
0.6858999999999575,0.7652805573287726
0.6859999999999575,0.7674053417642971
0.6860999999999575,0.7695329427302546
0.6861999999999575,0.7716725876582873
0.6862999999999575,0.773824379106699
0.6863999999999575,0.7759884208015274
0.6864999999999575,0.7787106621657067
0.6865999999999575,0.7982721927382515
0.6866999999999575,0.8188439378777967
0.6867999999999574,0.8405062274649209
0.6868999999999574,0.8633481401304806
0.6869999999999574,0.8874687276284275
0.6870999999999574,0.9129768958731455
0.6871999999999574,0.9399976687186736
0.6872999999999574,0.9686697007224228
0.6873999999999574,0.9991491271331989
0.6874999999999574,0.9877890733365995
0.6875999999999574,0.9635737487495066
0.6876999999999573,0.940514955776497
0.6877999999999573,0.9185317723716027
0.6878999999999573,0.8975506538682415
0.6879999999999573,0.8775046110011435
0.6880999999999573,0.8584003946067037
0.6881999999999573,0.840111278096266
0.6882999999999573,0.8225861855336651
0.6883999999999573,0.8149924932735546
0.6884999999999573,0.8181682609175407
0.6885999999999572,0.8213686984295872
0.6886999999999572,0.8245940943897495
0.6887999999999572,0.827844741896655
0.6888999999999572,0.8311209386562904
0.6889999999999572,0.8344229870728912
0.6890999999999572,0.8376228166686623
0.6891999999999572,0.8408480961456815
0.6892999999999572,0.843375905641468
0.6893999999999572,0.8422230208416397
0.6894999999999571,0.8410729948112791
0.6895999999999571,0.8399258169303624
0.6896999999999571,0.8387814766314039
0.6897999999999571,0.8376399633991306
0.6898999999999571,0.8365012667701617
0.6899999999999571,0.8353653763326875
0.6900999999999571,0.8343385953966347
0.6901999999999571,0.8333143386277851
0.6902999999999571,0.8305275532360118
0.690399999999957,0.8274485772061826
0.690499999999957,0.8243923553226576
0.690599999999957,0.8213586362786336
0.690699999999957,0.818347172454456
0.690799999999957,0.8153577198502459
0.690899999999957,0.8123900380199958
0.690999999999957,0.8094438900071034
0.691099999999957,0.8065798447097489
0.691199999999957,0.8033694508981758
0.691299999999957,0.7998517758613745
0.6913999999999569,0.7963653058740885
0.6914999999999569,0.792909627543187
0.6915999999999569,0.789484334745412
0.6916999999999569,0.7860890284682693
0.6917999999999569,0.7827233166550785
0.6918999999999569,0.7793868140540602
0.6919999999999569,0.7760791420713335
0.6920999999999569,0.7729993043722985
0.6921999999999568,0.7719860376594659
0.6922999999999568,0.7709749059372902
0.6923999999999568,0.7699659024651154
0.6924999999999568,0.7689590205306317
0.6925999999999568,0.7679542534497266
0.6926999999999568,0.7669515945663363
0.6927999999999568,0.7659510372522993
0.6928999999999568,0.7649525749072109
0.6929999999999568,0.7639562009582759
0.6930999999999568,0.7633450798199565
0.6931999999999567,0.7627670179908791
0.6932999999999567,0.762189877589352
0.6933999999999567,0.761613656414004
0.6934999999999567,0.7610383522704695
0.6935999999999567,0.7604639629713635
0.6936999999999567,0.7598904863362509
0.6937999999999567,0.7593179201916209
0.6938999999999567,0.7587462623708581
0.6939999999999567,0.7582206190562455
0.6940999999999566,0.7576231353881467
0.6941999999999566,0.757026444766847
0.6942999999999566,0.7564305456145173
0.6943999999999566,0.7558354363574572
0.6944999999999566,0.7552411154261368
0.6945999999999566,0.7546475812551805
0.6946999999999566,0.7540548322833556
0.6947999999999566,0.7534628669535564
0.6948999999999566,0.7529088027581828
0.6949999999999565,0.7527458588169356
0.6950999999999565,0.7526616074198922
0.6951999999999565,0.7525773715725745
0.6952999999999565,0.7524931512706456
0.6953999999999565,0.7524089465098011
0.6954999999999565,0.7523247572857402
0.6955999999999565,0.7522405835941639
0.6956999999999565,0.7521564254307735
0.6957999999999565,0.7520722827912723
0.6958999999999564,0.7519798453495302
0.6959999999999564,0.7518838037718693
0.6960999999999564,0.7517497628282522
0.6961999999999564,0.7516157508525761
0.6962999999999564,0.751481767835467
0.6963999999999564,0.75134781376754
0.6964999999999564,0.7512138886394135
0.6965999999999564,0.7510799924417106
0.6966999999999564,0.7509461251650575
0.6967999999999563,0.7508259489173215
0.6968999999999563,0.750738719297805
0.6969999999999563,0.7506514976906526
0.6970999999999563,0.7505553347479007
0.6971999999999563,0.750459180637257
0.6972999999999563,0.7503630353575085
0.6973999999999563,0.7502668989074384
0.6974999999999563,0.7501707712858307
0.6975999999999563,0.7500746524914692
0.6976999999999562,0.7499785425231382
0.6977999999999562,0.7498947295357397
0.6978999999999562,0.74981263829469
0.6979999999999562,0.7497305515247857
0.6980999999999562,0.7497226227289363
0.6981999999999562,0.7497146943649421
0.6982999999999562,0.7497067664327353
0.6983999999999562,0.7496988389322803
0.6984999999999562,0.7496909118635425
0.6985999999999561,0.7496829852264865
0.6986999999999561,0.7496713985494933
0.6987999999999561,0.7496553182950897
0.6988999999999561,0.7496392392660877
0.6989999999999561,0.7496231614623466
0.6990999999999561,0.7495355035774742
0.6991999999999561,0.7494478523718059
0.6992999999999561,0.7493602078446095
0.6993999999999561,0.7492725699951219
0.699499999999956,0.7491849388225801
0.699599999999956,0.7490973520045884
0.699699999999956,0.7490147072949666
0.699799999999956,0.7489320677838185
0.699899999999956,0.7488494334706536
0.699999999999956,0.7487668043549819
0.700099999999956,0.7486954706429712
0.700199999999956,0.7486241414173966
0.700299999999956,0.7485528166778297
0.700399999999956,0.7484814964238476
0.7004999999999559,0.748410180655027
0.7005999999999559,0.7483387074541442
0.7006999999999559,0.7482671081969219
0.7007999999999559,0.7481955134979482
0.7008999999999559,0.7481239233567883
0.7009999999999559,0.7480523377730064
0.7010999999999559,0.7478306636467565
0.7011999999999559,0.7476090036311621
0.7012999999999558,0.7473873577249424
0.7013999999999558,0.7471657259267493
0.7014999999999558,0.7469440359110147
0.7015999999999558,0.7467215985764961
0.7016999999999558,0.7464991758957154
0.7017999999999558,0.7462767678672246
0.7018999999999558,0.7460543744895752
0.7019999999999558,0.7458319957613208
0.7020999999999558,0.7457332843657016
0.7021999999999557,0.7456345794719803
0.7022999999999557,0.7455358810794607
0.7023999999999557,0.7454371891874993
0.7024999999999557,0.7453382817218744
0.7025999999999557,0.7452392371347304
0.7026999999999557,0.7451401991675038
0.7027999999999557,0.7450411678195316
0.7028999999999557,0.7449421430901494
0.7029999999999557,0.7448431249786944
0.7030999999999556,0.744848680577984
0.7031999999999556,0.7448542358060587
0.7032999999999556,0.7448597906629085
0.7033999999999556,0.7448658978529217
0.7034999999999556,0.7448762713017971
0.7035999999999556,0.7448866441917629
0.7036999999999556,0.7448970165228649
0.7037999999999556,0.7449073882951477
0.7038999999999556,0.7449177595086565
0.7039999999999556,0.7449281301634365
0.7040999999999555,0.7448630139862898
0.7041999999999555,0.7447979013169259
0.7042999999999555,0.7447327921550957
0.7043999999999555,0.7446664835965305
0.7044999999999555,0.7445994080132139
0.7045999999999555,0.7445323363984121
0.7046999999999555,0.7444652687517725
0.7047999999999555,0.7443982050729433
0.7048999999999555,0.7443311453615719
0.7049999999999554,0.7442640896173071
0.7050999999999554,0.7442014728885882
0.7051999999999554,0.7441388598639213
0.7052999999999554,0.7440762824585901
0.7053999999999554,0.7440140262156715
0.7054999999999554,0.7439517735966872
0.7055999999999554,0.7438895246013216
0.7056999999999554,0.7438272792292578
0.7057999999999554,0.7437650374801803
0.7058999999999553,0.7437027993537715
0.7059999999999553,0.7436405648497161
0.7060999999999553,0.7434924661235085
0.7061999999999553,0.7433443760163311
0.7062999999999553,0.7431967875077498
0.7063999999999553,0.743049594044594
0.7064999999999553,0.7429024087986541
0.7065999999999553,0.7427552317692421
0.7066999999999553,0.7426080629556704
0.7067999999999552,0.7424609023572504
0.7068999999999552,0.7423137499732949
0.7069999999999552,0.7421666058031157
0.7070999999999552,0.742023691950387
0.7071999999999552,0.7418808152705133
0.7072999999999552,0.7417396813788947
0.7073999999999552,0.7415985546929924
0.7074999999999552,0.7414574352122546
0.7075999999999552,0.7413163229361298
0.7076999999999551,0.7411752178640659
0.7077999999999551,0.7410341199955112
0.7078999999999551,0.7408930293299145
0.7079999999999551,0.7407519458667241
0.7080999999999551,0.7406422667149225
0.7081999999999551,0.7405324770374593
0.7082999999999551,0.7404225566005909
0.7083999999999551,0.7403126418493402
0.708499999999955,0.740202732783266
0.708599999999955,0.7400928294019278
0.708699999999955,0.739982931704884
0.708799999999955,0.7398730396916937
0.708899999999955,0.7397631533619161
0.708999999999955,0.7396532727151105
0.709099999999955,0.739594904679645
0.709199999999955,0.7395371406853691
0.709299999999955,0.7394794537338226
0.709399999999955,0.7394217696600328
0.7094999999999549,0.7393640884637844
0.7095999999999549,0.7393064101448619
0.7096999999999549,0.7392487347030502
0.7097999999999549,0.739191062138134
0.7098999999999549,0.7391333924498981
0.7099999999999549,0.7390757256381272
0.7100999999999549,0.7390039861797921
0.7101999999999549,0.7389340432911802
0.7102999999999549,0.7388641034007242
0.7103999999999548,0.7387941665082318
0.7104999999999548,0.7387242326135102
0.7105999999999548,0.7386543017163668
0.7106999999999548,0.7385843738166091
0.7107999999999548,0.7385144489140439
0.7108999999999548,0.7384445270084788
0.7109999999999548,0.7383746080997209
0.7110999999999548,0.7382877518210709
0.7111999999999548,0.7382001954066824
0.7112999999999547,0.7381126433248153
0.7113999999999547,0.7380250955751478
0.7114999999999547,0.7379375521573585
0.7115999999999547,0.7378500130711253
0.7116999999999547,0.7377624783161274
0.7117999999999547,0.7376749478920434
0.7118999999999547,0.7375874217985513
0.7119999999999547,0.7375001176933788
0.7120999999999547,0.7374021731534398
0.7121999999999546,0.7373042329007857
0.7122999999999546,0.7372062969351407
0.7123999999999546,0.7371083652562234
0.7124999999999546,0.7370104378637522
0.7125999999999546,0.7369125147574456
0.7126999999999546,0.7368145959370225
0.7127999999999546,0.7367166814022013
0.7128999999999546,0.7366187711527006
0.7129999999999546,0.7365219975353609
0.7130999999999545,0.7364490413318416
0.7131999999999545,0.7363760878558275
0.7132999999999545,0.7363031371071552
0.7133999999999545,0.736230189085672
0.7134999999999545,0.7361572437912244
0.7135999999999545,0.7360843012236599
0.7136999999999545,0.7360113613828255
0.7137999999999545,0.7359384242685683
0.7138999999999545,0.7358654898807353
0.7139999999999544,0.7357918768297587
0.7140999999999544,0.7356332602805106
0.7141999999999544,0.7354746500066207
0.7142999999999544,0.7353160460077555
0.7143999999999544,0.7351574482835428
0.7144999999999544,0.7349988568336098
0.7145999999999544,0.7348402716575844
0.7146999999999544,0.7346816927550947
0.7147999999999544,0.7345231201257675
0.7148999999999543,0.7343639816606468
0.7149999999999543,0.7342025632677126
0.7150999999999543,0.7341176808723908
0.7151999999999543,0.7340328024955324
0.7152999999999543,0.7339479281368169
0.7153999999999543,0.7338630577959587
0.7154999999999543,0.7337781914726734
0.7155999999999543,0.733693329166675
0.7156999999999543,0.7336084708776783
0.7157999999999543,0.7335236166053986
0.7158999999999542,0.733449337130276
0.7159999999999542,0.7333840789823776
0.7160999999999542,0.7333164197067865
0.7161999999999542,0.7332487600191672
0.7162999999999542,0.7331810999195165
0.7163999999999542,0.7331134394078309
0.7164999999999542,0.7330457784841063
0.7165999999999542,0.7329781171483393
0.7166999999999542,0.7329104554005258
0.7167999999999541,0.7328427932406624
0.7168999999999541,0.732779312996179
0.7169999999999541,0.7327164789332504
0.7170999999999541,0.7325752688703346
0.7171999999999541,0.7324340560859384
0.7172999999999541,0.7322928405800188
0.7173999999999541,0.7321516223524968
0.7174999999999541,0.7320104014032943
0.717599999999954,0.7318691777323321
0.717699999999954,0.7317279513395321
0.717799999999954,0.7315908651377424
0.717899999999954,0.731472735206281
0.717999999999954,0.73135459553533
0.718099999999954,0.7312764086798524
0.718199999999954,0.73119821537757
0.718299999999954,0.7311200156276662
0.718399999999954,0.731041809429344
0.718499999999954,0.7309635967818056
0.7185999999999539,0.730885377684253
0.7186999999999539,0.7308071521358883
0.7187999999999539,0.7306894521183193
0.7188999999999539,0.7305289321288306
0.7189999999999539,0.7303684350572753
0.7190999999999539,0.7303344627491806
0.7191999999999539,0.7303004952907831
0.7192999999999539,0.7302665326809857
0.7193999999999539,0.7302325749187505
0.7194999999999538,0.7301986220030401
0.7195999999999538,0.7301646739328161
0.7196999999999538,0.7301307307070425
0.7197999999999538,0.7301312458735829
0.7198999999999538,0.7301422465107469
0.7199999999999538,0.730153246932357
0.7200999999999538,0.7299359964048522
0.7201999999999538,0.7297187501341145
0.7202999999999538,0.7295015081201242
0.7203999999999537,0.7292842703627566
0.7204999999999537,0.7290670368618863
0.7205999999999537,0.7288498076173886
0.7206999999999537,0.7286286500141216
0.7207999999999537,0.7283148259913991
0.7208999999999537,0.7280010913448054
0.7209999999999537,0.7276874460361653
0.7210999999999537,0.7274605255524952
0.7211999999999537,0.7272336696675341
0.7212999999999536,0.7270068783536608
0.7213999999999536,0.7267801515833109
0.7214999999999536,0.7265534893289348
0.7215999999999536,0.7263268915629995
0.7216999999999536,0.7261271968505594
0.7217999999999536,0.7259896894798513
0.7218999999999536,0.7258521875182623
0.7219999999999536,0.7257146909654734
0.7220999999999536,0.7255579544333413
0.7221999999999535,0.7254012240663725
0.7222999999999535,0.7252444998642117
0.7223999999999535,0.725087781826495
0.7224999999999535,0.724931069952859
0.7225999999999535,0.7247743642429402
0.7226999999999535,0.7246397777928859
0.7227999999999535,0.7245233326777272
0.7228999999999535,0.7244068792026779
0.7229999999999535,0.7242904173668377
0.7230999999999534,0.72432200553129
0.7231999999999534,0.7243535959638501
0.7232999999999534,0.724385188664693
0.7233999999999534,0.7244167836340635
0.7234999999999534,0.7244483808722059
0.7235999999999534,0.724479980379364
0.7236999999999534,0.724478712883853
0.7237999999999534,0.7244683790576396
0.7238999999999534,0.7244580456856221
0.7239999999999533,0.7244477127677708
0.7240999999999533,0.7242578813383826
0.7241999999999533,0.7240680582519012
0.7242999999999533,0.7238782435078606
0.7243999999999533,0.7236884371057104
0.7244999999999533,0.7234986390449011
0.7245999999999533,0.7233087642372837
0.7246999999999533,0.7231023766921246
0.7247999999999533,0.7228960076947931
0.7248999999999532,0.7226896572427894
0.7249999999999532,0.7224833253336138
0.7250999999999532,0.7224714138849443
0.7251999999999532,0.7224595035066425
0.7252999999999532,0.7224475941984732
0.7253999999999532,0.7224356859602921
0.7254999999999532,0.722423778791955
0.7255999999999532,0.7224127597872455
0.7256999999999532,0.7224050145737262
0.7257999999999531,0.7223972699667609
0.7258999999999531,0.7223895259662781
0.7259999999999531,0.7223817825722063
0.7260999999999531,0.722192310784352
0.7261999999999531,0.722002853832263
0.7262999999999531,0.7218134117142824
0.7263999999999531,0.7216239844286676
0.7264999999999531,0.7214345719736771
0.7265999999999531,0.7212577027374452
0.726699999999953,0.7210990063165647
0.726799999999953,0.7209403088112024
0.726899999999953,0.7207816102213479
0.726999999999953,0.7206229105469906
0.727099999999953,0.7204242340758211
0.727199999999953,0.7202255562469224
0.727299999999953,0.7200268770602989
0.727399999999953,0.7198281965159365
0.727499999999953,0.7196295146138223
0.727599999999953,0.7193941734731452
0.7276999999999529,0.7191333667540927
0.7277999999999529,0.7188726033121343
0.7278999999999529,0.7186118831364993
0.7279999999999529,0.7183512062164198
0.7280999999999529,0.7181752216714528
0.7281999999999529,0.7179992663189213
0.7282999999999529,0.7178233401515226
0.7283999999999529,0.717647443161996
0.7284999999999529,0.7174715753430834
0.7285999999999528,0.7173399438847786
0.7286999999999528,0.7172224204575555
0.7287999999999528,0.7171048974121624
0.7288999999999528,0.7169873747485969
0.7289999999999528,0.7168698524668576
0.7290999999999528,0.7167100130092146
0.7291999999999528,0.7165501740708611
0.7292999999999528,0.716390335651815
0.7293999999999528,0.7162304977520736
0.7294999999999527,0.7160706603716347
0.7295999999999527,0.715890222890564
0.7296999999999527,0.7157078389769232
0.7297999999999527,0.7155254671489967
0.7298999999999527,0.7153431074055834
0.7299999999999527,0.715160759745482
0.7300999999999527,0.7150998273417843
0.7301999999999527,0.7150388989753094
0.7302999999999527,0.7149779746455988
0.7303999999999526,0.7149170543522511
0.7304999999999526,0.7148563843165542
0.7305999999999526,0.7147999500085492
0.7306999999999526,0.7147435187320476
0.7307999999999526,0.7146870904868046
0.7308999999999526,0.7146306652725765
0.7309999999999526,0.7145742430891184
0.7310999999999526,0.7144105248286999
0.7311999999999526,0.7142468153615655
0.7312999999999525,0.7140831146870577
0.7313999999999525,0.7139194228044682
0.7314999999999525,0.713754270565743
0.7315999999999525,0.7135825896431486
0.7316999999999525,0.7134109217927206
0.7317999999999525,0.7132392670129662
0.7318999999999525,0.7130676253023925
0.7319999999999525,0.7128959966595073
0.7320999999999525,0.7127746059279397
0.7321999999999524,0.7126532244375966
0.7322999999999524,0.7125318521873989
0.7323999999999524,0.7124104891762914
0.7324999999999524,0.7122911097085182
0.7325999999999524,0.7121763764931353
0.7326999999999524,0.7120616498803676
0.7327999999999524,0.7119469298696449
0.7328999999999524,0.7118322164603976
0.7329999999999524,0.7117175096520559
0.7330999999999523,0.7115749162386413
0.7331999999999523,0.7114323310299345
0.7332999999999523,0.71128975402524
0.7333999999999523,0.7111471852238501
0.7334999999999523,0.7110054675561208
0.7335999999999523,0.7108650202191062
0.7336999999999523,0.7107245801303631
0.7337999999999523,0.7105841472893296
0.7338999999999523,0.7104437216954451
0.7339999999999522,0.710303303348149
0.7340999999999522,0.7101487183335214
0.7341999999999522,0.7099941412957526
0.7342999999999522,0.7098395722342324
0.7343999999999522,0.709685011148343
0.7344999999999522,0.7095345816816009
0.7345999999999522,0.709388471891735
0.7346999999999522,0.709242366165455
0.7347999999999522,0.7090962645025921
0.7348999999999521,0.708950166902976
0.7349999999999521,0.7088040733664377
0.7350999999999521,0.7085832823812548
0.7351999999999521,0.7083624975362187
0.7352999999999521,0.7081417188311095
0.7353999999999521,0.707920946265671
0.7354999999999521,0.7076988631401723
0.7355999999999521,0.7074757681174777
0.7356999999999521,0.7072526807712664
0.735799999999952,0.7070296011011422
0.735899999999952,0.7068065291067089
0.735999999999952,0.7065834647875704
0.736099999999952,0.7064026558390394
0.736199999999952,0.7062218531114548
0.736299999999952,0.7060410566044741
0.736399999999952,0.7058602663177768
0.736499999999952,0.7056782116277039
0.736599999999952,0.7054954024909487
0.736699999999952,0.705312600696207
0.7367999999999519,0.7051298062430366
0.7368999999999519,0.7049470191309951
0.7369999999999519,0.7047642393596404
0.7370999999999519,0.7046670054009636
0.7371999999999519,0.7045697753470633
0.7372999999999519,0.7044725491976638
0.7373999999999519,0.7043753269525298
0.7374999999999519,0.7042792028711782
0.7375999999999518,0.7041836130157474
0.7376999999999518,0.704088026557567
0.7377999999999518,0.7039924434964551
0.7378999999999518,0.7038968638322314
0.7379999999999518,0.703801287564714
0.7380999999999518,0.7036902305110743
0.7381999999999518,0.7035791774040281
0.7382999999999518,0.7034681282433732
0.7383999999999518,0.7033570830288988
0.7384999999999518,0.7032475860984218
0.7385999999999517,0.7031387291437073
0.7386999999999517,0.703029875381912
0.7387999999999517,0.7029210248128951
0.7388999999999517,0.7028121774365164
0.7389999999999517,0.7027033332526357
0.7390999999999517,0.7025353877675399
0.7391999999999517,0.7023674472081185
0.7392999999999517,0.7021995115741835
0.7393999999999517,0.7020315808655182
0.7394999999999516,0.701862428949439
0.7395999999999516,0.7016928276184228
0.7396999999999516,0.7015232320737628
0.7397999999999516,0.701353642315162
0.7398999999999516,0.7011840583423251
0.7399999999999516,0.7010144801549557
0.7400999999999516,0.700803960156702
0.7401999999999516,0.7005934473402099
0.7402999999999516,0.7003829417051319
0.7403999999999515,0.7001724432511007
0.7404999999999515,0.6999641490584824
0.7405999999999515,0.6997566442288793
0.7406999999999515,0.6995491447103438
0.7407999999999515,0.6993416505026717
0.7408999999999515,0.6991341616056597
0.7409999999999515,0.6989266780191028
0.7410999999999515,0.6987362620856111
0.7411999999999515,0.6985458510254943
0.7412999999999514,0.6983554448385576
0.7413999999999514,0.6981650435246138
0.7414999999999514,0.6979749309714832
0.7415999999999514,0.6977849274094394
0.7416999999999514,0.6975949284985584
0.7417999999999514,0.6974049342386699
0.7418999999999514,0.6972149446296028
0.7419999999999514,0.6970249596711859
0.7420999999999514,0.6968848509151141
0.7421999999999513,0.6967447455886274
0.7422999999999513,0.6966046436915754
0.7423999999999513,0.6964645452238323
0.7424999999999513,0.6963259555484449
0.7425999999999513,0.6961879774029278
0.7426999999999513,0.6960500017967793
0.7427999999999513,0.6959120287299289
0.7428999999999513,0.6957740582023063
0.7429999999999513,0.6956360902138417
0.7430999999999512,0.6954273235195272
0.7431999999999512,0.6952185606671717
0.7432999999999512,0.6950098016567033
0.7433999999999512,0.6948010464880165
0.7434999999999512,0.6945900381088502
0.7435999999999512,0.6943779692564598
0.7436999999999512,0.6941659063357387
0.7437999999999512,0.6939538493464389
0.7438999999999512,0.6937417982883114
0.7439999999999511,0.6935297531611067
0.7440999999999511,0.6933968968109695
0.7441999999999511,0.6932640441766684
0.7442999999999511,0.6931311952580086
0.7443999999999511,0.6929983500548346
0.7444999999999511,0.6928663631620924
0.7445999999999511,0.6927348753988957
0.7446999999999511,0.6926033908004291
0.7447999999999511,0.6924719093665791
0.744899999999951,0.6923404310972313
0.744999999999951,0.6922089559922714
0.745099999999951,0.6919736056045591
0.745199999999951,0.691738260881017
0.745299999999951,0.6915029218214915
0.745399999999951,0.6912675884257784
0.745499999999951,0.6910317302867115
0.745599999999951,0.6907954828474324
0.745699999999951,0.6905592417266619
0.745799999999951,0.6903230069241469
0.7458999999999509,0.6900867784396334
0.7459999999999509,0.6898505562728684
0.7460999999999509,0.6896660082565677
0.7461999999999509,0.6894814651757543
0.7462999999999509,0.6892969270302051
0.7463999999999509,0.6891123938197221
0.7464999999999509,0.6889268434044401
0.7465999999999509,0.6887402738542823
0.7466999999999508,0.6885537104019884
0.7467999999999508,0.6883671530472599
0.7468999999999508,0.6881806017897978
0.7469999999999508,0.6879940566293034
0.7470999999999508,0.6878976452414571
0.7471999999999508,0.6878012370045201
0.7472999999999508,0.6877048319182942
0.7473999999999508,0.6876084299826251
0.7474999999999508,0.6875115018886643
0.7475999999999507,0.6874138222912486
0.7476999999999507,0.6873161462507812
0.7477999999999507,0.6872184737670681
0.7478999999999507,0.6871208048399144
0.7479999999999507,0.6870231394691264
0.7480999999999507,0.6868237370913294
0.7481999999999507,0.6866243419739478
0.7482999999999507,0.6864249541166357
0.7483999999999507,0.6862255735189963
0.7484999999999506,0.686024841584622
0.7485999999999506,0.6858211139001361
0.7486999999999506,0.6856173962242772
0.7487999999999506,0.685413688556308
0.7488999999999506,0.685209990895491
0.7489999999999506,0.6850063032410887
0.7490999999999506,0.6847774073412402
0.7491999999999506,0.6845485226850765
0.7492999999999506,0.6843196492717815
0.7493999999999506,0.6840907871005265
0.7494999999999505,0.6838615445794597
0.7495999999999505,0.6836307171584295
0.7496999999999505,0.6833999024168776
0.7497999999999505,0.6831691003537587
0.7498999999999505,0.6829383109680286
0.7499999999999505,0.6827075342586424
0.7500999999999505,0.6825407858538687
0.7501999999999505,0.6823740466074509
0.7502999999999505,0.6822073165186033
0.7503999999999504,0.6820405955865713
0.7504999999999504,0.6818738111276726
0.7505999999999504,0.681706052498941
0.7506999999999504,0.6815383036024557
0.7507999999999504,0.6813705644373708
0.7508999999999504,0.6812028350028388
0.7509999999999504,0.6810351152980137
0.7510999999999504,0.6808765801324655
0.7511999999999504,0.6807180541627507
0.7512999999999503,0.680559537388065
0.7513999999999503,0.6804010298076074
0.7514999999999503,0.6802425314205791
0.7515999999999503,0.6800856167181464
0.7516999999999503,0.6799288343279741
0.7517999999999503,0.6797720602473811
0.7518999999999503,0.6796152944757066
0.7519999999999503,0.6794585370122899
0.7520999999999503,0.6791700626194452
0.7521999999999502,0.6788816035142637
0.7522999999999502,0.6785931596955963
0.7523999999999502,0.6783047311622273
0.7524999999999502,0.6780163179129419
0.7525999999999502,0.6777267827494768
0.7526999999999502,0.6774369272581302
0.7527999999999502,0.677147088385913
0.7528999999999502,0.6768572661313954
0.7529999999999502,0.6765674604931484
0.7530999999999501,0.6763519137657209
0.7531999999999501,0.6761363793954818
0.7532999999999501,0.6759208573813313
0.7533999999999501,0.675705347722207
0.7534999999999501,0.6754898504170462
0.7535999999999501,0.6752747031950478
0.7536999999999501,0.6750597910340924
0.7537999999999501,0.6748448908349085
0.75389999999995,0.6746300025964974
0.75399999999995,0.6744151263178609
0.75409999999995,0.674300602796314
0.75419999999995,0.6741860856483595
0.75429999999995,0.6740715748734148
0.75439999999995,0.6739570704709485
0.75449999999995,0.6738425724404283
0.75459999999995,0.6737289133060039
0.75469999999995,0.6736164129155428
0.75479999999995,0.6735039181219961
0.7548999999999499,0.6733914289249465
0.7549999999999499,0.6732789453239761
0.7550999999999499,0.6730610734006186
0.7551999999999499,0.6728432123152969
0.7552999999999499,0.6726253620672558
0.7553999999999499,0.6724075226556862
0.7554999999999499,0.6721896940797795
0.7555999999999499,0.6719721393339491
0.7556999999999499,0.6717555134779806
0.7557999999999498,0.6715388976347824
0.7558999999999498,0.67132229180366
0.7559999999999498,0.6711056959839194
0.7560999999999498,0.6709121544725201
0.7561999999999498,0.6707186219060826
0.7562999999999498,0.6705250982839756
0.7563999999999498,0.670331583605579
0.7564999999999498,0.6701380778702724
0.7565999999999498,0.6699445965078937
0.7566999999999497,0.6697523860387414
0.7567999999999497,0.669560183718652
0.7568999999999497,0.6693679895471065
0.7569999999999497,0.669175803523587
0.7570999999999497,0.6689464107954071
0.7571999999999497,0.668717027791846
0.7572999999999497,0.6684876545123042
0.7573999999999497,0.6682582909561631
0.7574999999999497,0.668028937122805
0.7575999999999496,0.6677995930116114
0.7576999999999496,0.6675893389269126
0.7577999999999496,0.6673842207058706
0.7578999999999496,0.6671790962954097
0.7579999999999496,0.6669739656952506
0.7580999999999496,0.6668106107601806
0.7581999999999496,0.6666472508956925
0.7582999999999496,0.6664838861015417
0.7583999999999496,0.6663205163775057
0.7584999999999495,0.6661571417233606
0.7585999999999495,0.6659937621388838
0.7586999999999495,0.6769605457600935
0.7587999999999495,0.6980236932936439
0.7588999999999495,0.7204517219426294
0.7589999999999495,0.744381739349696
0.7590999999999495,0.7698386258491967
0.7591999999999495,0.7971227074384465
0.7592999999999495,0.8264380302359263
0.7593999999999494,0.8580201965965865
0.7594999999999494,0.8921427107671968
0.7595999999999494,0.929124919966764
0.7596999999999494,0.9722316229535188
0.7597999999999494,1.0271545041865748
0.7598999999999494,1.0887107007958843
0.7599999999999494,1.1581791536685637
0.7600999999999494,1.2373831653902747
0.7601999999999494,1.3282694367259038
0.7602999999999493,1.4336283812903081
0.7603999999999493,1.5572159781721435
0.7604999999999493,1.7042109652190025
0.7605999999999493,1.881958982494285
0.7606999999999493,2.086103132051066
0.7607999999999493,1.8788736340054302
0.7608999999999493,1.7090095973537802
0.7609999999999493,1.5672407556327448
0.7610999999999493,1.4472008893612436
0.7611999999999493,1.344197578623895
0.7612999999999492,1.254844290891301
0.7613999999999492,1.1765962846400921
0.7614999999999492,1.1075043569263945
0.7615999999999492,1.0460502575369066
0.7616999999999492,0.9910338270712716
0.7617999999999492,0.9840636993551893
0.7618999999999492,0.9918628879605728
0.7619999999999492,0.9997903432432387
0.7620999999999492,1.007774138055222
0.7621999999999491,1.0158914311405478
0.7622999999999491,1.0241455990976196
0.7623999999999491,1.0325401333663387
0.7624999999999491,1.0410786451523573
0.7625999999999491,1.0497648706068552
0.7626999999999491,1.0586026762774912
0.7627999999999491,1.067841190507543
0.7628999999999491,1.0775428683262371
0.762999999999949,1.0874285139360769
0.763099999999949,1.0975450197244896
0.763199999999949,1.107857067425697
0.763299999999949,1.118370381810364
0.763399999999949,1.1290909133193083
0.763499999999949,1.1400248492940341
0.763599999999949,1.1511786258847052
0.763699999999949,1.1625589406836805
0.763799999999949,1.1673318300574287
0.763899999999949,1.134845382884772
0.7639999999999489,1.1041021866384848
0.7640999999999489,1.0749122102825683
0.7641999999999489,1.0472088217772086
0.7642999999999489,1.0208812776211356
0.7643999999999489,0.9958295675843809
0.7644999999999489,0.9719631451329738
0.7645999999999489,0.9491998338937443
0.7646999999999489,0.927464882324393
0.7647999999999489,0.9066901436727246
0.7648999999999488,0.8924256280326742
0.7649999999999488,0.8797196346203501
0.7650999999999488,0.8673238489229905
0.7651999999999488,0.8552639192153197
0.7652999999999488,0.8435263782317959
0.7653999999999488,0.8320984692298067
0.7654999999999488,0.8209680997413673
0.7655999999999488,0.8101237988907667
0.7656999999999488,0.7995546779614794
0.7657999999999487,0.7892503939273738
0.7658999999999487,0.780593949567737
0.7659999999999487,0.7735186880030046
0.7660999999999487,0.766500458737995
0.7661999999999487,0.7596023065750652
0.7662999999999487,0.752821175997527
0.7663999999999487,0.7461541142854766
0.7664999999999487,0.7395982672288911
0.7665999999999487,0.7331508750534496
0.7666999999999486,0.7268092685468951
0.7667999999999486,0.7205708653745165
0.7668999999999486,0.7145415447976203
0.7669999999999486,0.7092363239467158
0.7670999999999486,0.7041730515272779
0.7671999999999486,0.699179464160984
0.7672999999999486,0.6942541330824078
0.7673999999999486,0.6893956683200593
0.7674999999999486,0.6846027173885106
0.7675999999999485,0.6798739640331607
0.7676999999999485,0.6752081270251015
0.7677999999999485,0.6706039590037695
0.7678999999999485,0.6660602453651872
0.7679999999999485,0.6649892365747567
0.7680999999999485,0.6646933918614915
0.7681999999999485,0.6643975208756523
0.7682999999999485,0.6641016236138346
0.7683999999999485,0.6638057000725381
0.7684999999999484,0.6635097502482615
0.7685999999999484,0.6632137741375034
0.7686999999999484,0.662917771736761
0.7687999999999484,0.6626217430425319
0.7688999999999484,0.6623256880513119
0.7689999999999484,0.6614579786977982
0.7690999999999484,0.6598243971131457
0.7691999999999484,0.6581976182428094
0.7692999999999484,0.6565775996822905
0.7693999999999483,0.65496429937883
0.7694999999999483,0.653357675627736
0.7695999999999483,0.6517576870687884
0.7696999999999483,0.6501642926826908
0.7697999999999483,0.6485774517875631
0.7698999999999483,0.6469971240354812
0.7699999999999483,0.6454354210632743
0.7700999999999483,0.6448718260223707
0.7701999999999483,0.6443089109011544
0.7702999999999482,0.6437466744699486
0.7703999999999482,0.6431851155020786
0.7704999999999482,0.6426242327738231
0.7705999999999482,0.6420640250644076
0.7706999999999482,0.6415044911559933
0.7707999999999482,0.6409456298336691
0.7708999999999482,0.6403874398854437
0.7709999999999482,0.6398299201022352
0.7710999999999482,0.6393664515985985
0.7711999999999481,0.6390190347866144
0.7712999999999481,0.6386717140206709
0.7713999999999481,0.6383244892609445
0.7714999999999481,0.6379773604676338
0.7715999999999481,0.6376303276009594
0.7716999999999481,0.6372833906211636
0.7717999999999481,0.6369365494885111
0.7718999999999481,0.6365898041632885
0.7719999999999481,0.6362431546058034
0.772099999999948,0.6359302438397285
0.772199999999948,0.6356727000726738
0.772299999999948,0.6354151722293776
0.772399999999948,0.6351576603083626
0.772499999999948,0.6349001643081525
0.772599999999948,0.6346426842272709
0.772699999999948,0.6343852200642411
0.772799999999948,0.634127771817588
0.772899999999948,0.6338703394858348
0.772999999999948,0.6336129230675062
0.7730999999999479,0.6334280715514504
0.7731999999999479,0.633226397379349
0.7732999999999479,0.6330192763403003
0.7733999999999479,0.6328121826918155
0.7734999999999479,0.632605116428462
0.7735999999999479,0.6323980775448069
0.7736999999999479,0.6321910660354217
0.7737999999999479,0.6319840818948765
0.7738999999999479,0.631777125117745
0.7739999999999478,0.6315701956986006
0.7740999999999478,0.6312799560308341
0.7741999999999478,0.6309965606707599
0.7742999999999478,0.6307285492210406
0.7743999999999478,0.6304605543652296
0.7744999999999478,0.6301925761017855
0.7745999999999478,0.6299246144291673
0.7746999999999478,0.6296566693458348
0.7747999999999478,0.6293887408502471
0.7748999999999477,0.629120828940864
0.7749999999999477,0.6288529336161457
0.7750999999999477,0.6285785382130619
0.7751999999999477,0.6283041597949381
0.7752999999999477,0.6280375801457921
0.7753999999999477,0.6277724339124564
0.7754999999999477,0.627507296317735
0.7755999999999477,0.627242167361206
0.7756999999999477,0.6269770470424469
0.7757999999999476,0.6267119353610354
0.7758999999999476,0.6264468323165504
0.7759999999999476,0.6261817379085683
0.7760999999999476,0.625841232532471
0.7761999999999476,0.625500738248927
0.7762999999999476,0.6251608929908826
0.7763999999999476,0.6248221464249283
0.7764999999999476,0.6244834090224439
0.7765999999999476,0.6241446807830567
0.7766999999999475,0.623805961706395
0.7767999999999475,0.6234672517920873
0.7768999999999475,0.6231285510397617
0.7769999999999475,0.6227898594490467
0.7770999999999475,0.6225823773367036
0.7771999999999475,0.6223749008365186
0.7772999999999475,0.6221674299481954
0.7773999999999475,0.6219621659745167
0.7774999999999475,0.6217572079404088
0.7775999999999474,0.6215522538000959
0.7776999999999474,0.621347303553467
0.7777999999999474,0.6211423572004109
0.7778999999999474,0.6209374147408169
0.7779999999999474,0.620732476174574
0.7780999999999474,0.6205591257229722
0.7781999999999474,0.6203857785645133
0.7782999999999474,0.6202124346990862
0.7783999999999474,0.6200384334245086
0.7784999999999473,0.6198633357510436
0.7785999999999473,0.6196882423983855
0.7786999999999473,0.6195131533663734
0.7787999999999473,0.6193380686548483
0.7788999999999473,0.6191629882636498
0.7789999999999473,0.6189879121926181
0.7790999999999473,0.618613676059472
0.7791999999999473,0.618239449160394
0.7792999999999473,0.6178652314951474
0.7793999999999472,0.6174910230633899
0.7794999999999472,0.6171131899113228
0.7795999999999472,0.6167347633351267
0.7796999999999472,0.6163563512975081
0.7797999999999472,0.6159779537976293
0.7798999999999472,0.6155995708346524
0.7799999999999472,0.6152212024077398
0.7800999999999472,0.6149521431055355
0.7801999999999472,0.6146830941392482
0.7802999999999471,0.6144140555082247
0.7803999999999471,0.6141450272118696
0.7804999999999471,0.6138768933037464
0.7805999999999471,0.6136106115108193
0.7806999999999471,0.6133443375800492
0.7807999999999471,0.6130780715110884
0.7808999999999471,0.612811813303588
0.7809999999999471,0.6125455629572004
0.7810999999999471,0.612388662349491
0.781199999999947,0.6122317663740983
0.781299999999947,0.6120748750307591
0.781399999999947,0.6119179883192689
0.781499999999947,0.6117611062394218
0.781599999999947,0.6116009715698374
0.781699999999947,0.6114399102422398
0.781799999999947,0.6112788558762484
0.781899999999947,0.6111178084714125
0.781999999999947,0.6109567680272806
0.782099999999947,0.6107026063314539
0.7821999999999469,0.6104484556203428
0.7822999999999469,0.6101943158932841
0.7823999999999469,0.6099401871495661
0.7824999999999469,0.6096860693884769
0.7825999999999469,0.6094319731168605
0.7826999999999469,0.6091779259026857
0.7827999999999469,0.6089238896263814
0.7828999999999469,0.608669864287241
0.7829999999999468,0.6084158498845584
0.7830999999999468,0.6080458678326264
0.7831999999999468,0.6076759017086454
0.7832999999999468,0.6073059515116489
0.7833999999999468,0.606936017240608
0.7834999999999468,0.6065660988944948
0.7835999999999468,0.6061961964722806
0.7836999999999468,0.6058245444035906
0.7837999999999468,0.605451921358715
0.7838999999999468,0.6050793177422005
0.7839999999999467,0.6047067335525275
0.7840999999999467,0.6044006459526378
0.7841999999999467,0.6040945743107747
0.7842999999999467,0.6037885186256552
0.7843999999999467,0.6034824788960309
0.7844999999999467,0.6031764551206544
0.7845999999999467,0.6028704472982784
0.7846999999999467,0.6025645936481775
0.7847999999999467,0.6022613207714034
0.7848999999999466,0.6019580609808344
0.7849999999999466,0.6016548142756236
0.7850999999999466,0.60139014646437
0.7851999999999466,0.6011254900727966
0.7852999999999466,0.6008608451001445
0.7853999999999466,0.6005962115456739
0.7854999999999466,0.6003315894086463
0.7855999999999466,0.6000669786883227
0.7856999999999466,0.5998023793839645
0.7857999999999465,0.5995391650951802
0.7858999999999465,0.5992776586694706
0.7859999999999465,0.5990161608453353
0.7860999999999465,0.5987393753290962
0.7861999999999465,0.5984625989166898
0.7862999999999465,0.5981858316076748
0.7863999999999465,0.5979090734016027
0.7864999999999465,0.5976323242980238
0.7865999999999465,0.5973555842964894
0.7866999999999464,0.5970788533965505
0.7867999999999464,0.596802131597758
0.7868999999999464,0.5965249398882158
0.7869999999999464,0.5962476588483561
0.7870999999999464,0.5959916356725575
0.7871999999999464,0.5957356214123708
0.7872999999999464,0.5954796160673188
0.7873999999999464,0.5952236196369359
0.7874999999999464,0.5949676321207563
0.7875999999999463,0.5947116535183145
0.7876999999999463,0.594455683829145
0.7877999999999463,0.5941997230527822
0.7878999999999463,0.5939438930936929
0.7879999999999463,0.5936885713034316
0.7880999999999463,0.5934397535959598
0.7881999999999463,0.5931909440310007
0.7882999999999463,0.5929421426081504
0.7883999999999463,0.5926933493270099
0.7884999999999462,0.5924445641871791
0.7885999999999462,0.5921957871882587
0.7886999999999462,0.591947018329849
0.7887999999999462,0.5916982576115505
0.7888999999999462,0.5914495050329632
0.7889999999999462,0.5912022967631334
0.7890999999999462,0.590898448696182
0.7891999999999462,0.5905946076955462
0.7892999999999462,0.5902907737610105
0.7893999999999461,0.5899869468923293
0.7894999999999461,0.5896831270892555
0.7895999999999461,0.5893793143515423
0.7896999999999461,0.5890755086789442
0.7897999999999461,0.588771710071214
0.7898999999999461,0.5884679185281058
0.7899999999999461,0.5881641340493723
0.7900999999999461,0.5878867771251598
0.7901999999999461,0.5876087253499785
0.790299999999946,0.5873306859944906
0.790399999999946,0.5870526590578644
0.790499999999946,0.5867746445392678
0.790599999999946,0.5864966424378685
0.790699999999946,0.586218652752835
0.790799999999946,0.5859406754833355
0.790899999999946,0.5856627106285378
0.790999999999946,0.5853847581876108
0.791099999999946,0.5851387919956343
0.791199999999946,0.5848960875968916
0.7912999999999459,0.5846533906128583
0.7913999999999459,0.5844107010431937
0.7914999999999459,0.5841680188875585
0.7915999999999459,0.5839253441456134
0.7916999999999459,0.5836826768170181
0.7917999999999459,0.583440016901433
0.7918999999999459,0.5831973643985185
0.7919999999999459,0.5829547193079351
0.7920999999999458,0.5826903715762034
0.7921999999999458,0.5824248129532856
0.7922999999999458,0.5821581461706302
0.7923999999999458,0.5818914896731175
0.7924999999999458,0.5816248434601523
0.7925999999999458,0.5813582075311398
0.7926999999999458,0.581091581885485
0.7927999999999458,0.5808249665225929
0.7928999999999458,0.5805583614418689
0.7929999999999457,0.5802917666427181
0.7930999999999457,0.5799671166433064
0.7931999999999457,0.5796424791634448
0.7932999999999457,0.5793176577528703
0.7933999999999457,0.5789928050880225
0.7934999999999457,0.5786679652195151
0.7935999999999457,0.5783431381465919
0.7936999999999457,0.5780183238684968
0.7937999999999457,0.5776935223844742
0.7938999999999456,0.5773687336937676
0.7939999999999456,0.5770439577956217
0.7940999999999456,0.5767022615646068
0.7941999999999456,0.5763605787915563
0.7942999999999456,0.5760192828720454
0.7943999999999456,0.5756814441092192
0.7944999999999456,0.5753436141714683
0.7945999999999456,0.5750057930584472
0.7946999999999456,0.5746679807698096
0.7947999999999456,0.5743301773052105
0.7948999999999455,0.5739923826643035
0.7949999999999455,0.5736545968467432
0.7950999999999455,0.5733663388501086
0.7951999999999455,0.5730780883827313
0.7952999999999455,0.5727898454442901
0.7953999999999455,0.5725031667136012
0.7954999999999455,0.572219211198265
0.7955999999999455,0.5719352588585175
0.7956999999999455,0.5716513096943052
0.7957999999999454,0.5713673637055752
0.7958999999999454,0.5710834208922737
0.7959999999999454,0.5707994812543478
0.7960999999999454,0.5705121302644252
0.7961999999999454,0.5702247824879542
0.7962999999999454,0.569937437924883
0.7963999999999454,0.5696500965751581
0.7964999999999454,0.5693579620010515
0.7965999999999454,0.5690628466385705
0.7966999999999453,0.5687677426482892
0.7967999999999453,0.5684726500295498
0.7968999999999453,0.5681775687816953
0.7969999999999453,0.5678824989040685
0.7970999999999453,0.567610315819439
0.7971999999999453,0.5673381432223213
0.7972999999999453,0.5670659811120966
0.7973999999999453,0.5667938294881594
0.7974999999999453,0.5665216883499032
0.7975999999999452,0.5662527281198179
0.7976999999999452,0.5659843201591244
0.7977999999999452,0.5657159190170905
0.7978999999999452,0.5654475246934575
0.7979999999999452,0.5651791371879642
0.7980999999999452,0.5648395464993046
0.7981999999999452,0.56449996443716
0.7982999999999452,0.5641603910012412
0.7983999999999452,0.5638208261912189
0.7984999999999451,0.5634812700067645
0.7985999999999451,0.5631416383033754
0.7986999999999451,0.5628009936544814
0.7987999999999451,0.5624603589967652
0.7988999999999451,0.5621197343297868
0.7989999999999451,0.5617791196531071
0.7990999999999451,0.5614460638430758
0.7991999999999451,0.5611130178010713
0.799299999999945,0.5607799815266593
0.799399999999945,0.5604469550194104
0.799499999999945,0.560113938278895
0.799599999999945,0.5597809313046834
0.799699999999945,0.5594489857853606
0.799799999999945,0.559119695202404
0.799899999999945,0.5587904099209546
0.799999999999945,0.5584611299408846
0.800099999999945,0.5581350820098705
0.800199999999945,0.5578090393280325
0.8002999999999449,0.5574830018952422
0.8003999999999449,0.5571569697113731
0.8004999999999449,0.5568309427762984
0.8005999999999449,0.5565049210898908
0.8006999999999449,0.5561789046520241
0.8007999999999449,0.5558515967127763
0.8008999999999449,0.5555228796871791
0.8009999999999449,0.5551941711626126
0.8010999999999449,0.5549164786307634
0.8011999999999448,0.554638793280231
0.8012999999999448,0.5543611151107084
0.8013999999999448,0.5540834441219173
0.8014999999999448,0.5538057803135792
0.8015999999999448,0.5535281236854154
0.8016999999999448,0.553250474237147
0.8017999999999448,0.5529728319684964
0.8018999999999448,0.552695937880248
0.8019999999999448,0.5524194370102853
0.8020999999999447,0.552162344513102
0.8021999999999447,0.55190525761431
0.8022999999999447,0.5516481763137152
0.8023999999999447,0.551391100611135
0.8024999999999447,0.5511340305063871
0.8025999999999447,0.5508769659992877
0.8026999999999447,0.5506199070896547
0.8027999999999447,0.5503628537773051
0.8028999999999447,0.5501058060620557
0.8029999999999446,0.5498489164239339
0.8030999999999446,0.5495293682152617
0.8031999999999446,0.5492098267484216
0.8032999999999446,0.548890292023235
0.8033999999999446,0.5485707640394888
0.8034999999999446,0.5482512427969694
0.8035999999999446,0.5479317282954634
0.8036999999999446,0.5476122205347576
0.8037999999999446,0.5472927195146389
0.8038999999999445,0.5469732252348934
0.8039999999999445,0.5466537376953085
0.8040999999999445,0.5463083688921911
0.8041999999999445,0.5459630023096761
0.8042999999999445,0.5456176432443064
0.8043999999999445,0.5452722916958362
0.8044999999999445,0.5449269476640205
0.8045999999999445,0.5445816111486134
0.8046999999999445,0.5442362821493698
0.8047999999999444,0.5438909606660444
0.8048999999999444,0.5435456466983917
0.8049999999999444,0.5432003402461666
0.8050999999999444,0.5428486003830209
0.8051999999999444,0.5424982642933776
0.8052999999999444,0.5421479338105831
0.8053999999999444,0.5417976089345028
0.8054999999999444,0.5414472896650022
0.8055999999999444,0.5410969760019468
0.8056999999999443,0.5407466679452019
0.8057999999999443,0.5403963654946329
0.8058999999999443,0.5400460686501052
0.8059999999999443,0.5396957774114843
0.8060999999999443,0.5394111219694588
0.8061999999999443,0.5391263084441568
0.8062999999999443,0.5388409448269131
0.8063999999999443,0.538555586536086
0.8064999999999443,0.5382702335715274
0.8065999999999443,0.5379848859330868
0.8066999999999442,0.5376995436206159
0.8067999999999442,0.5374142066339656
0.8068999999999442,0.5371288749729862
0.8069999999999442,0.5368435486375291
0.8070999999999442,0.5365047247392432
0.8071999999999442,0.5361659071647279
0.8072999999999442,0.5358278502776387
0.8073999999999442,0.5354913135129213
0.8074999999999442,0.5351547801776825
0.8075999999999441,0.5348182502718701
0.8076999999999441,0.5344817237954316
0.8077999999999441,0.5341452007483143
0.8078999999999441,0.5338086811304663
0.8079999999999441,0.5334721649418347
0.8080999999999441,0.5331950311534862
0.8081999999999441,0.5329179001892029
0.8082999999999441,0.5326407720489081
0.808399999999944,0.5323639289244501
0.808499999999944,0.5320874725868784
0.808599999999944,0.5318110183740066
0.808699999999944,0.5315345662858104
0.808799999999944,0.5312581163222653
0.808899999999944,0.5309816684833463
0.808999999999944,0.5307052227690298
0.809099999999944,0.5303831800203131
0.809199999999944,0.5300611397465673
0.809299999999944,0.5297391019477895
0.8093999999999439,0.529417066623951
0.8094999999999439,0.5290949636776809
0.8095999999999439,0.5287727931105368
0.8096999999999439,0.5284506251902075
0.8097999999999439,0.52812845991666
0.8098999999999439,0.5278062972898625
0.8099999999999439,0.5274841373097815
0.8100999999999439,0.5272017482349725
0.8101999999999439,0.5269193614801251
0.8102999999999438,0.5266369770451889
0.8103999999999438,0.5263545949301348
0.8104999999999438,0.5260722151349345
0.8105999999999438,0.525790983294283
0.8106999999999438,0.5255106484327983
0.8107999999999438,0.5252303136968745
0.8108999999999438,0.5249499790865114
0.8109999999999438,0.5246696446017096
0.8110999999999438,0.5243079298710789
0.8111999999999437,0.5239462153024129
0.8112999999999437,0.5235845008957576
0.8113999999999437,0.5232227866511124
0.8114999999999437,0.5228610725684775
0.8115999999999437,0.5224993586478525
0.8116999999999437,0.5221387369351654
0.8117999999999437,0.5217788182444866
0.8118999999999437,0.5214188972377322
0.8119999999999437,0.5210589739148793
0.8120999999999436,0.5208776208483658
0.8121999999999436,0.5206962666149353
0.8122999999999436,0.5205149112144758
0.8123999999999436,0.5203335546469762
0.8124999999999436,0.520152196912425
0.8125999999999436,0.5199708380108111
0.8126999999999436,0.5197894779421232
0.8127999999999436,0.5196145060780346
0.8128999999999436,0.5194431272826079
0.8129999999999435,0.5192717407947897
0.8130999999999435,0.5189843603418847
0.8131999999999435,0.5186969669891724
0.8132999999999435,0.5184095607358506
0.8133999999999435,0.5181221415810497
0.8134999999999435,0.5178347095239013
0.8135999999999435,0.5175472645635365
0.8136999999999435,0.5172598066990867
0.8137999999999435,0.5169723359296827
0.8138999999999434,0.5166814910171529
0.8139999999999434,0.5163888808726671
0.8140999999999434,0.5160589099054076
0.8141999999999434,0.5157289306613183
0.8142999999999434,0.5153989431401093
0.8143999999999434,0.5150689473414685
0.8144999999999434,0.5147389432650847
0.8145999999999434,0.5144089309106467
0.8146999999999434,0.5140789102778425
0.8147999999999433,0.5137488813663611
0.8148999999999433,0.5134188441758909
0.8149999999999433,0.5130975045668796
0.8150999999999433,0.5127059029336234
0.8151999999999433,0.5123142713076606
0.8152999999999433,0.5119226096855879
0.8153999999999433,0.511530918063959
0.8154999999999433,0.5111391964393266
0.8155999999999433,0.5107474448082439
0.8156999999999432,0.5103556631672623
0.8157999999999432,0.5099638515129338
0.8158999999999432,0.5095720098418093
0.8159999999999432,0.5091801381504394
0.8160999999999432,0.5088536629609817
0.8161999999999432,0.5085175503805862
0.8162999999999432,0.5081814480637213
0.8163999999999432,0.5078453560099171
0.8164999999999432,0.5075092742187034
0.8165999999999431,0.5071732026896102
0.8166999999999431,0.5068371414221675
0.8167999999999431,0.5065010904159052
0.8168999999999431,0.5061650496703534
0.8169999999999431,0.5058290191850421
0.8170999999999431,0.505533837283266
0.8171999999999431,0.5052391589303211
0.8172999999999431,0.5049447934118285
0.8173999999999431,0.50465043594944
0.817499999999943,0.5043560865428256
0.817599999999943,0.5040617451916544
0.817699999999943,0.5037674118955956
0.817799999999943,0.5034730866543188
0.817899999999943,0.503178769467493
0.817999999999943,0.5028844603347878
0.818099999999943,0.5025302775558661
0.818199999999943,0.5021761044690141
0.818299999999943,0.5018175077891401
0.818399999999943,0.5014556721453565
0.8184999999999429,0.5010938574925318
0.8185999999999429,0.5007320638288397
0.8186999999999429,0.5003702911524537
0.8187999999999429,0.5000085394615478
0.8188999999999429,0.4996468087542961
0.8189999999999429,0.4992850990288728
0.8190999999999429,0.49890201811306933
0.8191999999999429,0.49851895941619107
0.8192999999999429,0.4981359229363169
0.8193999999999428,0.49774775743677735
0.8194999999999428,0.4973548544965128
0.8195999999999428,0.4969619900054101
0.8196999999999428,0.49656916395782613
0.8197999999999428,0.49617637634811795
0.8198999999999428,0.4957836271706442
0.8199999999999428,0.4953909164197648
0.8200999999999428,0.4950329344617296
0.8201999999999428,0.49467498752525585
0.8202999999999427,0.4943170756051846
0.8203999999999427,0.4939591986963782
0.8204999999999427,0.4936008531703927
0.8205999999999427,0.49324192045459836
0.8206999999999427,0.49288302448356835
0.8207999999999427,0.4925241652516607
0.8208999999999427,0.49216534275323437
0.8209999999999427,0.4918065569826494
0.8210999999999427,0.4914967257304767
0.8211999999999426,0.4911869261883515
0.8212999999999426,0.490877158351378
0.8213999999999426,0.4905674222146896
0.8214999999999426,0.4902577177734202
0.8215999999999426,0.4899771366979065
0.8216999999999426,0.48974833720453637
0.8217999999999426,0.4895194855554225
0.8218999999999426,0.4892905817327291
0.8219999999999426,0.48906162571861267
0.8220999999999425,0.4887829578966465
0.8221999999999425,0.48850422652225267
0.8222999999999425,0.4882254315737165
0.8223999999999425,0.4879465730292853
0.8224999999999425,0.4876676508671965
0.8225999999999425,0.4873886650656769
0.8226999999999425,0.4870829619976734
0.8227999999999425,0.48670038361339496
0.8228999999999425,0.48631788058083436
0.8229999999999424,0.4859354528777318
0.8230999999999424,0.4855786188370146
0.8231999999999424,0.48522185505672855
0.8232999999999424,0.4848651615161093
0.8233999999999424,0.484508538194416
0.8234999999999424,0.4841519850709157
0.8235999999999424,0.4837955021248833
0.8236999999999424,0.48343908933560265
0.8237999999999424,0.4830847737230806
0.8238999999999423,0.4827429488138378
0.8239999999999423,0.48240117069904137
0.8240999999999423,0.4819872936544741
0.8241999999999423,0.4815734732602017
0.8242999999999423,0.48115970950463544
0.8243999999999423,0.4807460023761481
0.8244999999999423,0.4803323518631154
0.8245999999999423,0.4799187579539169
0.8246999999999423,0.4795052206369345
0.8247999999999422,0.47909173990055415
0.8248999999999422,0.4786786013575558
0.8249999999999422,0.47830120985504787
0.8250999999999422,0.4779587697160533
0.8251999999999422,0.47761632490866707
0.8252999999999422,0.4772738754327739
0.8253999999999422,0.47693142128827815
0.8254999999999422,0.47658896247508425
0.8255999999999422,0.4762464989930969
0.8256999999999421,0.47590403084222077
0.8257999999999421,0.47556155802236
0.8258999999999421,0.4752190805334194
0.8259999999999421,0.4748765983753033
0.8260999999999421,0.47455891548473766
0.8261999999999421,0.4742393667668272
0.8262999999999421,0.47391983184418524
0.8263999999999421,0.47360031071591874
0.8264999999999421,0.47328080338113465
0.826599999999942,0.47296130983893975
0.826699999999942,0.4726418300884408
0.826799999999942,0.47232236412874495
0.826899999999942,0.4720029119589592
0.826999999999942,0.47168347357819057
0.827099999999942,0.47130761573543734
0.827199999999942,0.4709382969547416
0.827299999999942,0.47057179991259207
0.827399999999942,0.470205304150552
0.827499999999942,0.469838809668615
0.8275999999999419,0.469472316466774
0.8276999999999419,0.46910582454502237
0.8277999999999419,0.4687393339033535
0.8278999999999419,0.4683728445417608
0.8279999999999419,0.4680063564602376
0.8280999999999419,0.46766474798266694
0.8281999999999419,0.4673231406982724
0.8282999999999419,0.46698140951810646
0.8283999999999418,0.4666395647322233
0.8284999999999418,0.4662977214919207
0.8285999999999418,0.46595587979718767
0.8286999999999418,0.4656140396480141
0.8287999999999418,0.4652722010443894
0.8288999999999418,0.46493036398630305
0.8289999999999418,0.4645885284737446
0.8290999999999418,0.464313714653139
0.8291999999999418,0.4640389020750664
0.8292999999999418,0.46376409073947944
0.8293999999999417,0.4634836119507348
0.8294999999999417,0.46319155226356123
0.8295999999999417,0.46289951565391424
0.8296999999999417,0.4626075021190585
0.8297999999999417,0.4623155116562593
0.8298999999999417,0.4620235442627824
0.8299999999999417,0.46173159993589413
0.8300999999999417,0.4613950878375334
0.8301999999999417,0.4610586023228444
0.8302999999999416,0.46072214338870293
0.8303999999999416,0.4603857110319598
0.8304999999999416,0.4600500966270509
0.8305999999999416,0.4597202703058307
0.8306999999999416,0.45939046063227507
0.8307999999999416,0.45906066760512365
0.8308999999999416,0.4587308912231163
0.8309999999999416,0.4584011314849928
0.8310999999999416,0.4580569610434479
0.8311999999999415,0.4577128079713732
0.8312999999999415,0.45736867226746214
0.8313999999999415,0.4570245539303998
0.8314999999999415,0.4566804529588718
0.8315999999999415,0.4563363693515637
0.8316999999999415,0.4560017297280066
0.8317999999999415,0.45566816478810324
0.8318999999999415,0.4553346013202911
0.8319999999999415,0.45500103932456026
0.8320999999999414,0.4546817978846176
0.8321999999999414,0.4543625578535527
0.8322999999999414,0.4540433192313478
0.8323999999999414,0.4537240820179936
0.8324999999999414,0.4534048462134807
0.8325999999999414,0.4530856118177999
0.8326999999999414,0.4527663788309418
0.8327999999999414,0.452438936347291
0.8328999999999414,0.45210727839157633
0.8329999999999413,0.45177564014048877
0.8330999999999413,0.45146358863289454
0.8331999999999413,0.4511515556639692
0.8332999999999413,0.4508395412320497
0.8333999999999413,0.45052754533548384
0.8334999999999413,0.4502155679726206
0.8335999999999413,0.44990360914180777
0.8336999999999413,0.4495916688413946
0.8337999999999413,0.4492797470697303
0.8338999999999412,0.44896848883470203
0.8339999999999412,0.4486581883793196
0.8340999999999412,0.4483387909083125
0.8341999999999412,0.448019410150754
0.8342999999999412,0.4477000461053371
0.8343999999999412,0.4473806987707502
0.8344999999999412,0.44706136814568176
0.8345999999999412,0.44674205422882046
0.8346999999999412,0.44642275701885487
0.8347999999999411,0.4461034765144739
0.8348999999999411,0.4457842127143664
0.8349999999999411,0.44546640953228067
0.8350999999999411,0.44510428780102024
0.8351999999999411,0.44474216804742145
0.8352999999999411,0.44438005027149946
0.8353999999999411,0.4440179344732378
0.8354999999999411,0.44365582065262044
0.8355999999999411,0.44329370880963137
0.835699999999941,0.44293159894425393
0.835799999999941,0.4425694910564725
0.835899999999941,0.44220738514627034
0.835999999999941,0.4418452812136316
0.836099999999941,0.44141748727280267
0.836199999999941,0.4409841423320682
0.836299999999941,0.44054986800750146
0.836399999999941,0.4401156088500994
0.836499999999941,0.43968136485906706
0.836599999999941,0.4392471360336101
0.8366999999999409,0.43881292237293407
0.8367999999999409,0.43837872387624455
0.8368999999999409,0.43794454054274706
0.8369999999999409,0.43751037237164747
0.8370999999999409,0.4371506477507622
0.8371999999999409,0.436790935691659
0.8372999999999409,0.436433226802963
0.8373999999999409,0.4360771159925961
0.8374999999999408,0.4357210117739521
0.8375999999999408,0.4353649141468479
0.8376999999999408,0.43500882311110045
0.8377999999999408,0.43465273866652687
0.8378999999999408,0.4342966608129441
0.8379999999999408,0.433940589550169
0.8380999999999408,0.4336247850421182
0.8381999999999408,0.43330898637935283
0.8382999999999408,0.43299319356168736
0.8383999999999407,0.43267707223407226
0.8384999999999407,0.4323599096323306
0.8385999999999407,0.43204275492785127
0.8386999999999407,0.43172560812033967
0.8387999999999407,0.43140846920950066
0.8388999999999407,0.43109133819503925
0.8389999999999407,0.43077421507666064
0.8390999999999407,0.43043331221398773
0.8391999999999407,0.4300924178390552
0.8392999999999406,0.42975153195156013
0.8393999999999406,0.42941065455118566
0.8394999999999406,0.42906978563761483
0.8395999999999406,0.4287310623848198
0.8396999999999406,0.4283925492082197
0.8397999999999406,0.4280540407605044
0.8398999999999406,0.4277155370415747
0.8399999999999406,0.427377038051332
0.8400999999999406,0.4269825818191884
0.8401999999999405,0.42658813109724336
0.8402999999999405,0.42619368588541423
0.8403999999999405,0.4257992461835856
0.8404999999999405,0.42540481199164254
0.8405999999999405,0.42501038330946894
0.8406999999999405,0.42461530324373276
0.8407999999999405,0.42421973015395525
0.8408999999999405,0.42382416474562845
0.8409999999999405,0.42342860701852836
0.8410999999999405,0.42307842515848204
0.8411999999999404,0.422728250098284
0.8412999999999404,0.4223780818377093
0.8413999999999404,0.4220279203765596
0.8414999999999404,0.4216777657146372
0.8415999999999404,0.421327617851744
0.8416999999999404,0.42097747678768177
0.8417999999999404,0.4206274075051075
0.8418999999999404,0.4202775926640585
0.8419999999999404,0.419927784094677
0.8420999999999403,0.41961726223158824
0.8421999999999403,0.4193067459356253
0.8422999999999403,0.418996235206615
0.8423999999999403,0.4186857300444076
0.8424999999999403,0.4183752304488535
0.8425999999999403,0.41806473641980296
0.8426999999999403,0.4177542479571061
0.8427999999999403,0.4174437650606133
0.8428999999999403,0.4171332877301752
0.8429999999999402,0.4168242898623719
0.8430999999999402,0.41660359250821216
0.8431999999999402,0.4163828972351618
0.8432999999999402,0.4161622040431392
0.8433999999999402,0.41594151293211457
0.8434999999999402,0.41572082390205906
0.8435999999999402,0.4155001369529426
0.8436999999999402,0.415279452084736
0.8437999999999402,0.4150587692974098
0.8438999999999401,0.41483808859093485
0.8439999999999401,0.41461740996528135
0.8440999999999401,0.4142023260130925
0.8441999999999401,0.4137863229590287
0.8442999999999401,0.41337032715564315
0.8443999999999401,0.4129543386027462
0.8444999999999401,0.4125383573001485
0.8445999999999401,0.4121223832476604
0.84469999999994,0.4117064164450922
0.84479999999994,0.41129045689225463
0.84489999999994,0.410874504588958
0.84499999999994,0.4104585595350131
0.84509999999994,0.4100323729612831
0.84519999999994,0.40960624698250453
0.84529999999994,0.4091815783891902
0.84539999999994,0.40875691407679
0.84549999999994,0.4083322540452389
0.84559999999994,0.4079075982944721
0.8456999999999399,0.40748294682442504
0.8457999999999399,0.407058299635033
0.8458999999999399,0.4066336567262314
0.8459999999999399,0.406209018097955
0.8460999999999399,0.4058298247035737
0.8461999999999399,0.40545063513156215
0.8462999999999399,0.4050714493818353
0.8463999999999399,0.4046926534296885
0.8464999999999399,0.404314103239318
0.8465999999999398,0.4039355556882612
0.8466999999999398,0.4035570107764904
0.8467999999999398,0.40317846850397826
0.8468999999999398,0.4027999288706967
0.8469999999999398,0.4024213918766185
0.8470999999999398,0.40206619904791924
0.8471999999999398,0.4017110086956446
0.8472999999999398,0.40135582081975457
0.8473999999999398,0.40100063542022296
0.8474999999999397,0.4006454076644059
0.8475999999999397,0.4002899738393335
0.8476999999999397,0.3999345429423437
0.8477999999999397,0.39957911497340015
0.8478999999999397,0.39922368993246676
0.8479999999999397,0.3988682678195074
0.8480999999999397,0.3985434302548484
0.8481999999999397,0.3982185953661818
0.8482999999999397,0.3978937631534559
0.8483999999999396,0.39756893361663775
0.8484999999999396,0.39724410675569427
0.8485999999999396,0.39691928257059217
0.8486999999999396,0.39659487446504715
0.8487999999999396,0.39627062559229526
0.8488999999999396,0.3959463784573031
0.8489999999999396,0.395622133060057
0.8490999999999396,0.39522660116067104
0.8491999999999396,0.39483107138101475
0.8492999999999395,0.39443554372111445
0.8493999999999395,0.39404001818095286
0.8494999999999395,0.393644494760513
0.8495999999999395,0.393248973459778
0.8496999999999395,0.3928534542787305
0.8497999999999395,0.3924581022650468
0.8498999999999395,0.39206323033559476
0.8499999999999395,0.3916683592267669
0.8500999999999395,0.39134102467618415
0.8501999999999394,0.3910136908059085
0.8502999999999394,0.3906863576158973
0.8503999999999394,0.39035902510614806
0.8504999999999394,0.39003169327665876
0.8505999999999394,0.3897043621274275
0.8506999999999394,0.3893770316584517
0.8507999999999394,0.38904970186972976
0.8508999999999394,0.38872237276125926
0.8509999999999394,0.38839416410033323
0.8510999999999393,0.38806753801696814
0.8511999999999393,0.3877409145278223
0.8512999999999393,0.3874142936328638
0.8513999999999393,0.3870876753320617
0.8514999999999393,0.3867610596253851
0.8515999999999393,0.38643444651280295
0.8516999999999393,0.3861078359942845
0.8517999999999393,0.38578122806979903
0.8518999999999393,0.3854546227393152
0.8519999999999393,0.3851280200028026
0.8520999999999392,0.3847277956822644
0.8521999999999392,0.3843274577226944
0.8522999999999392,0.3839271232781185
0.8523999999999392,0.3835267923484904
0.8524999999999392,0.38312646493376395
0.8525999999999392,0.38272614103389263
0.8526999999999392,0.38232582064883014
0.8527999999999392,0.3819255037785306
0.8528999999999392,0.3815251904229472
0.8529999999999391,0.381124880582034
0.8530999999999391,0.3807986347633307
0.8531999999999391,0.38047239180901943
0.8532999999999391,0.3801450151883091
0.8533999999999391,0.379817283767957
0.8534999999999391,0.3794895578051652
0.8535999999999391,0.37916183729979785
0.8536999999999391,0.3788341222517186
0.853799999999939,0.3785064126607909
0.853899999999939,0.3781787085268787
0.853999999999939,0.37785100984984543
0.854099999999939,0.3775532990039088
0.854199999999939,0.3772555931153436
0.854299999999939,0.3769578921840073
0.854399999999939,0.3766598069360126
0.854499999999939,0.3763604208082106
0.854599999999939,0.37606104236273286
0.854699999999939,0.3757616715992835
0.8547999999999389,0.37546230851756723
0.8548999999999389,0.37516295311728837
0.8549999999999389,0.3748636053981509
0.8550999999999389,0.3745205875759798
0.8551999999999389,0.3741775785550289
0.8552999999999389,0.37383457833498657
0.8553999999999389,0.37349158691551393
0.8554999999999389,0.37314860429627233
0.8555999999999389,0.37280592320899725
0.8556999999999388,0.37246338562362474
0.8557999999999388,0.3721208560398499
0.8558999999999388,0.3717783344573927
0.8559999999999388,0.3714358208759727
0.8560999999999388,0.37112621012185004
0.8561999999999388,0.3708166065998445
0.8562999999999388,0.3705070103096824
0.8563999999999388,0.3701974212511104
0.8564999999999388,0.36988783942387526
0.8565999999999387,0.3695782648277235
0.8566999999999387,0.36926882544061185
0.8567999999999387,0.3689603086256413
0.8568999999999387,0.36865179727169334
0.8569999999999387,0.36834329137862315
0.8570999999999387,0.36793109344449565
0.8571999999999387,0.36751890280638194
0.8572999999999387,0.36710671946415185
0.8573999999999387,0.36669454341761154
0.8574999999999386,0.3662823746665676
0.8575999999999386,0.36587021321082597
0.8576999999999386,0.36545805905019335
0.8577999999999386,0.36504591218447574
0.8578999999999386,0.36463240606090613
0.8579999999999386,0.3642177739461852
0.8580999999999386,0.3637980321777837
0.8581999999999386,0.36337830360337736
0.8582999999999386,0.36295858822234744
0.8583999999999385,0.36253888603407175
0.8584999999999385,0.36211919703792833
0.8585999999999385,0.3616995212332954
0.8586999999999385,0.36127985861955075
0.8587999999999385,0.36086020919607265
0.8588999999999385,0.3604405729622391
0.8589999999999385,0.36002094991742845
0.8590999999999385,0.3597459047395284
0.8591999999999385,0.3594708973585875
0.8592999999999384,0.35919589763726467
0.8593999999999384,0.3589209055752401
0.8594999999999384,0.35864592117219374
0.8595999999999384,0.3583709444278058
0.8596999999999384,0.358095975341756
0.8597999999999384,0.3578210139137247
0.8598999999999384,0.35754606014339174
0.8599999999999384,0.35727111403043743
0.8600999999999384,0.35688614072521796
0.8601999999999383,0.35650148414859206
0.8602999999999383,0.35611741792461876
0.8603999999999383,0.3557333604852419
0.8604999999999383,0.3553493118301597
0.8605999999999383,0.3549652719590712
0.8606999999999383,0.35458124087167475
0.8607999999999383,0.35419721856766917
0.8608999999999383,0.35381320504675295
0.8609999999999383,0.35342920030862496
0.8610999999999382,0.35316288180446037
0.8611999999999382,0.35289656939121006
0.8612999999999382,0.3526302630685922
0.8613999999999382,0.35236554785320656
0.8614999999999382,0.3521014487096852
0.8615999999999382,0.35183735231146096
0.8616999999999382,0.35157325865849115
0.8617999999999382,0.3513091677507326
0.8618999999999382,0.351045079588143
0.8619999999999381,0.3507809941706794
0.8620999999999381,0.35045536148061585
0.8621999999999381,0.35012973217534393
0.8622999999999381,0.349804106254849
0.8623999999999381,0.3494784837190781
0.8624999999999381,0.34915253903404553
0.8625999999999381,0.3488229376778645
0.8626999999999381,0.34849334727989556
0.8627999999999381,0.34816376783959235
0.862899999999938,0.3478341993564086
0.862999999999938,0.34750464182979746
0.863099999999938,0.34711572046767164
0.863199999999938,0.34672681203485084
0.863299999999938,0.3463379165307271
0.863399999999938,0.34594903395465587
0.863499999999938,0.3455601643059923
0.863599999999938,0.3451713075840921
0.863699999999938,0.3447823337958231
0.863799999999938,0.3443931984920296
0.8638999999999379,0.3440040768114493
0.8639999999999379,0.3436149687533669
0.8640999999999379,0.34319641593865974
0.8641999999999379,0.3427778777762537
0.8642999999999379,0.3423593542653979
0.8643999999999379,0.341940845405323
0.8644999999999379,0.34152235119525964
0.8645999999999379,0.3411038716344386
0.8646999999999379,0.3406854067220908
0.8647999999999378,0.34026695645744687
0.8648999999999378,0.3398508017693158
0.8649999999999378,0.33943539429735675
0.8650999999999378,0.339160381088274
0.8651999999999378,0.33888537261763324
0.8652999999999378,0.3386103688852244
0.8653999999999378,0.3383353698909254
0.8654999999999378,0.3380603756346136
0.8655999999999378,0.33778538611616665
0.8656999999999377,0.337510401335462
0.8657999999999377,0.33723542129237727
0.8658999999999377,0.33696044598679004
0.8659999999999377,0.3366854385941
0.8660999999999377,0.3362867516193243
0.8661999999999377,0.3358880727872837
0.8662999999999377,0.3354894020978055
0.8663999999999377,0.3350907395506403
0.8664999999999377,0.33469208514553844
0.8665999999999376,0.3342934388822507
0.8666999999999376,0.33389480076052774
0.8667999999999376,0.33349617078012
0.8668999999999376,0.333097548940778
0.8669999999999376,0.3326989352422525
0.8670999999999376,0.3322123730019426
0.8671999999999376,0.3317253293799744
0.8672999999999376,0.33123744671630867
0.8673999999999376,0.33074957796621157
0.8674999999999375,0.3302617231290884
0.8675999999999375,0.3297738822043435
0.8676999999999375,0.3292860551913821
0.8677999999999375,0.3287982420896091
0.8678999999999375,0.3283104428984293
0.8679999999999375,0.32782265761724755
0.8680999999999375,0.32760205031405776
0.8681999999999375,0.3273814493016556
0.8682999999999375,0.3271608545796051
0.8683999999999374,0.326941720760487
0.8684999999999374,0.32672338291200437
0.8685999999999374,0.3265050482882831
0.8686999999999374,0.3262867168892513
0.8687999999999374,0.32606838871483784
0.8688999999999374,0.3258500637649711
0.8689999999999374,0.32563174203957973
0.8690999999999374,0.32533660722434293
0.8691999999999374,0.32504147676788586
0.8692999999999373,0.32474635067016017
0.8693999999999373,0.3244512289310693
0.8694999999999373,0.3241561115505166
0.8695999999999373,0.32385941465090295
0.8696999999999373,0.32356257453563136
0.8697999999999373,0.32326574198363056
0.8698999999999373,0.32296891699461155
0.8699999999999373,0.3226720995682851
0.8700999999999373,0.32227638445344114
0.8701999999999372,0.3218806794205553
0.8702999999999372,0.3214849844693045
0.8703999999999372,0.32108929959930343
0.8704999999999372,0.3206936248101667
0.8705999999999372,0.32029796010150907
0.8706999999999372,0.31990242912554695
0.8707999999999372,0.31950754191379865
0.8708999999999372,0.3191126628897418
0.8709999999999372,0.31871779205312184
0.8710999999999371,0.31836610250595704
0.8711999999999371,0.3180144202506128
0.8712999999999371,0.3176627452868352
0.8713999999999371,0.3173110776143974
0.8714999999999371,0.31695941723307264
0.8715999999999371,0.3166077641426343
0.8716999999999371,0.3162561183428555
0.8717999999999371,0.3159044798335096
0.8718999999999371,0.3155529257220461
0.871999999999937,0.3152014956932838
0.872099999999937,0.3149873525828972
0.872199999999937,0.31477321364852656
0.872299999999937,0.31455907888996343
0.872399999999937,0.3143449483070857
0.872499999999937,0.3141308218997711
0.872599999999937,0.31391669966789754
0.872699999999937,0.31370258161134296
0.872799999999937,0.3134884677299851
0.872899999999937,0.3132743580237021
0.8729999999999369,0.31306025249237157
0.8730999999999369,0.31272576146667724
0.8731999999999369,0.312391539023522
0.8732999999999369,0.31205732163521677
0.8733999999999369,0.311723109301647
0.8734999999999369,0.31138890202269787
0.8735999999999369,0.3110546997982548
0.8736999999999369,0.3107205026282032
0.8737999999999368,0.31038631051242827
0.8738999999999368,0.31005212345081556
0.8739999999999368,0.30971794144325004
0.8740999999999368,0.309337024382588
0.8741999999999368,0.3089561130825734
0.8742999999999368,0.30857521809311567
0.8743999999999368,0.3081943311927908
0.8744999999999368,0.30781345002069227
0.8745999999999368,0.3074325745766905
0.8746999999999368,0.30705170486065664
0.8747999999999367,0.30667084087246105
0.8748999999999367,0.306289982611975
0.8749999999999367,0.3059091300790686
0.8750999999999367,0.3055905999597992
0.8751999999999367,0.3052720746307483
0.8752999999999367,0.3049535540917686
0.8753999999999367,0.30463503838801526
0.8754999999999367,0.3043165400811391
0.8755999999999367,0.3039980465373363
0.8756999999999366,0.30367955775650013
0.8757999999999366,0.3033610737385238
0.8758999999999366,0.3030425944833003
0.8759999999999366,0.3027241199907229
0.8760999999999366,0.30236152601803734
0.8761999999999366,0.30199893746759493
0.8762999999999366,0.3016363543393024
0.8763999999999366,0.301273776633038
0.8764999999999366,0.30091120434867996
0.8765999999999365,0.30054863964530276
0.8766999999999365,0.30018609060653256
0.8767999999999365,0.2998235469591556
0.8768999999999365,0.2994610087030517
0.8769999999999365,0.29909847583810045
0.8770999999999365,0.29873812034150393
0.8771999999999365,0.29837777020352296
0.8772999999999365,0.2980174254240367
0.8773999999999365,0.29765708600292534
0.8774999999999364,0.2972967519400698
0.8775999999999364,0.29693642323535013
0.8776999999999364,0.2965760998886472
0.8777999999999364,0.2962157858921481
0.8778999999999364,0.2958554854077679
0.8779999999999364,0.29549519025126897
0.8780999999999364,0.29509757597175473
0.8781999999999364,0.29469996757178235
0.8782999999999364,0.29430236505124524
0.8783999999999363,0.29390476841001284
0.8784999999999363,0.29350717764795503
0.8785999999999363,0.29310959276494114
0.8786999999999363,0.2927120137608407
0.8787999999999363,0.29231444063552364
0.8788999999999363,0.29191687338885935
0.8789999999999363,0.29151931757154725
0.8790999999999363,0.29116735603542476
0.8791999999999363,0.2908153996747044
0.8792999999999362,0.2904634484892431
0.8793999999999362,0.29011150247892664
0.8794999999999362,0.2897595616436411
0.8795999999999362,0.2894076259832719
0.8796999999999362,0.2890556954977054
0.8797999999999362,0.2887037701868271
0.8798999999999362,0.28835185005052305
0.8799999999999362,0.287999935088679
0.8800999999999362,0.28771662410282295
0.8801999999999361,0.28743332414823414
0.8802999999999361,0.2871500331379124
0.8803999999999361,0.2868667462698507
0.8804999999999361,0.2865834635439583
0.8805999999999361,0.28630018496014425
0.8806999999999361,0.28601691051831807
0.8807999999999361,0.2857336402183885
0.8808999999999361,0.2854503740602648
0.8809999999999361,0.28516711204385636
0.881099999999936,0.284870450275892
0.881199999999936,0.28457379284543177
0.881299999999936,0.284277139752389
0.881399999999936,0.2839804989549619
0.881499999999936,0.28368386596879486
0.881599999999936,0.2833872372956678
0.881699999999936,0.2830906129354864
0.881799999999936,0.2827939928881569
0.881899999999936,0.28249737715358486
0.881999999999936,0.2822007657316764
0.8820999999999359,0.28184342011736324
0.8821999999999359,0.28148607969858497
0.8822999999999359,0.2811287444752676
0.8823999999999359,0.2807714144472976
0.8824999999999359,0.2804140896145619
0.8825999999999359,0.2800568553787049
0.8826999999999359,0.27969964947753034
0.8827999999999359,0.2793424484921619
0.8828999999999358,0.278985252422498
0.8829999999999358,0.2786280612684371
0.8830999999999358,0.2782600436115879
0.8831999999999358,0.27789203101918797
0.8832999999999358,0.27752402349113964
0.8833999999999358,0.27715602102733844
0.8834999999999358,0.2767880236276798
0.8835999999999358,0.2764200312920591
0.8836999999999358,0.27605204402037203
0.8837999999999357,0.2756842870590948
0.8838999999999357,0.2753165714667558
0.8839999999999357,0.2749488602349851
0.8840999999999357,0.27461363954859364
0.8841999999999357,0.27427842283740217
0.8842999999999357,0.27394321010131933
0.8843999999999357,0.2736080013402744
0.8844999999999357,0.2732727965541964
0.8845999999999357,0.2729375957430148
0.8846999999999356,0.272602398906659
0.8847999999999356,0.27226720604505816
0.8848999999999356,0.2719320171581416
0.8849999999999356,0.27159711355971167
0.8850999999999356,0.2712723793335336
0.8851999999999356,0.27094764822435996
0.8852999999999356,0.2706229202321393
0.8853999999999356,0.2702981953568268
0.8854999999999356,0.2699734735983775
0.8855999999999355,0.26964875495674656
0.8856999999999355,0.26932403943188915
0.8857999999999355,0.2689993270237603
0.8858999999999355,0.26867461773231527
0.8859999999999355,0.26834991155750915
0.8860999999999355,0.2680556577350233
0.8861999999999355,0.267760798924351
0.8862999999999355,0.26746591815879656
0.8863999999999355,0.2671710416198339
0.8864999999999355,0.2668761693073723
0.8865999999999354,0.2665813012213206
0.8866999999999354,0.2662864373615881
0.8867999999999354,0.26599157772808396
0.8868999999999354,0.2656967223207173
0.8869999999999354,0.26540187113939717
0.8870999999999354,0.26513817517317323
0.8871999999999354,0.26487448298636573
0.8872999999999354,0.2646107945788734
0.8873999999999354,0.26434757760459354
0.8874999999999353,0.26408437088989917
0.8875999999999353,0.2638211670014503
0.8876999999999353,0.26355796593920205
0.8877999999999353,0.26329476770310867
0.8878999999999353,0.26303157229312446
0.8879999999999353,0.262768379709204
0.8880999999999353,0.2624297573200191
0.8881999999999353,0.2620911385667082
0.8882999999999353,0.26175252344926153
0.8883999999999352,0.2614139119676206
0.8884999999999352,0.26107530412172686
0.8885999999999352,0.2607360960587138
0.8886999999999352,0.260396889452412
0.8887999999999352,0.26005768806909607
0.8888999999999352,0.2597184919086455
0.8889999999999352,0.25937930097093953
0.8890999999999352,0.2590393348596208
0.8891999999999352,0.2586993739828207
0.8892999999999351,0.2583594183404192
0.8893999999999351,0.25801946793229524
0.8894999999999351,0.2576795227583278
0.8895999999999351,0.2573395828183962
0.8896999999999351,0.25699964811237946
0.8897999999999351,0.25665989078968143
0.8898999999999351,0.25632014049850904
0.8899999999999351,0.2559803949764847
0.890099999999935,0.25563933713973325
0.890199999999935,0.2552982840904162
0.890299999999935,0.2549572358284334
0.890399999999935,0.2546161923536841
0.890499999999935,0.25427515366606757
0.890599999999935,0.2539341197654831
0.890699999999935,0.2535930906518296
0.890799999999935,0.25325206632500663
0.890899999999935,0.2529110467849132
0.890999999999935,0.2525703418355728
0.8910999999999349,0.25221298945076054
0.8911999999999349,0.25185564117243076
0.8912999999999349,0.25149829700052373
0.8913999999999349,0.2511409569349684
0.8914999999999349,0.2507836209756943
0.8915999999999349,0.2504262891226303
0.8916999999999349,0.250068961375706
0.8917999999999349,0.24971163773485028
0.8918999999999349,0.2493543181999927
0.8919999999999348,0.24899700277106207
0.8920999999999348,0.24866513242231914
0.8921999999999348,0.24833553189395052
0.8922999999999348,0.2480061130987922
0.8923999999999348,0.2476766915884251
0.8924999999999348,0.2473472673628153
0.8925999999999348,0.24701784042192934
0.8926999999999348,0.24668841076573372
0.8927999999999348,0.24635897839419474
0.8928999999999347,0.2460295433072788
0.8929999999999347,0.2457001055049525
0.8930999999999347,0.2454398613323198
0.8931999999999347,0.245179615014619
0.8932999999999347,0.2449193665517783
0.8933999999999347,0.24465839865772293
0.8934999999999347,0.24439732242900922
0.8935999999999347,0.24413624580927568
0.8936999999999347,0.24387516879852145
0.8937999999999346,0.24361409139674572
0.8938999999999346,0.24335301360394745
0.8939999999999346,0.243091935420126
0.8940999999999346,0.24275333389400816
0.8941999999999346,0.24241473186070617
0.8942999999999346,0.24207612932026962
0.8943999999999346,0.2417375262726972
0.8944999999999346,0.24139892271798802
0.8945999999999346,0.24106422096178756
0.8946999999999345,0.2407304972738067
0.8947999999999345,0.24039675953752768
0.8948999999999345,0.24006300775206332
0.8949999999999345,0.23972924191652667
0.8950999999999345,0.23942571065719512
0.8951999999999345,0.23912216661947766
0.8952999999999345,0.2388186098025476
0.8953999999999345,0.23851504020559797
0.8954999999999345,0.23821145782782155
0.8955999999999344,0.23790786266841127
0.8956999999999344,0.23760425472655977
0.8957999999999344,0.23730848397663418
0.8958999999999344,0.23701589303569134
0.8959999999999344,0.23672326248216
0.8960999999999344,0.23645971041389546
0.8961999999999344,0.23619612265967418
0.8962999999999344,0.23593249921222845
0.8963999999999344,0.2356688400643079
0.8964999999999343,0.23540514520866
0.8965999999999343,0.23514141463803034
0.8966999999999343,0.23487764834516256
0.8967999999999343,0.2346138463227985
0.8968999999999343,0.23435000856367755
0.8969999999999343,0.2340697159897254
0.8970999999999343,0.2337186413256328
0.8971999999999343,0.23336760050781633
0.8972999999999343,0.23301659353142115
0.8973999999999343,0.23266562039155392
0.8974999999999342,0.23231468108332193
0.8975999999999342,0.23196377560183398
0.8976999999999342,0.2316129039421994
0.8977999999999342,0.23126206609952854
0.8978999999999342,0.2309112620689328
0.8979999999999342,0.2305604918455244
0.8980999999999342,0.2301992444200762
0.8981999999999342,0.22985826522489317
0.8982999999999342,0.22953878871854036
0.8983999999999341,0.2292192267990674
0.8984999999999341,0.22889957943221653
0.8985999999999341,0.2285798465837116
0.8986999999999341,0.22826002821925817
0.8987999999999341,0.2279401243045434
0.8988999999999341,0.22762013480523627
0.8989999999999341,0.22730005968698688
0.8990999999999341,0.22703632216239747
0.899199999999934,0.2267725140512434
0.899299999999934,0.22650863532514606
0.899399999999934,0.22622859278547447
0.899499999999934,0.22591826960416322
0.899599999999934,0.2256079905788687
0.899699999999934,0.225297755700167
0.899799999999934,0.22498756495863698
0.899899999999934,0.22467741834486035
0.899999999999934,0.2243673158494212
0.900099999999934,0.22406068981505955
0.9001999999999339,0.22375410739203183
0.9002999999999339,0.22344756857103212
0.9003999999999339,0.22314107334275954
0.9004999999999339,0.22283462169791574
0.9005999999999339,0.22252996162217153
0.9006999999999339,0.2222326202592211
0.9007999999999339,0.22193529702030512
0.9008999999999339,0.22163799190376673
0.9009999999999339,0.22134070490794908
0.9010999999999338,0.221023369890894
0.9011999999999338,0.22070605421418818
0.9012999999999338,0.22038875787607684
0.9013999999999338,0.22007148087479228
0.9014999999999338,0.21975422320856675
0.9015999999999338,0.219436984875633
0.9016999999999338,0.2191197658742238
0.9017999999999338,0.21880264749217002
0.9018999999999338,0.218488937174389
0.9019999999999337,0.21817523600700464
0.9020999999999337,0.21785254313992328
0.9021999999999337,0.21752985968496374
0.9022999999999337,0.2172071856417202
0.9023999999999337,0.21688452100978084
0.9024999999999337,0.21656186578873396
0.9025999999999337,0.21623921997816778
0.9026999999999337,0.2159165835776708
0.9027999999999337,0.21559395658683117
0.9028999999999336,0.21527133900523737
0.9029999999999336,0.2149487308324777
0.9030999999999336,0.21463828274074895
0.9031999999999336,0.21432453619271954
0.9032999999999336,0.21401085906685394
0.9033999999999336,0.21369725134011341
0.9034999999999336,0.21338371298946918
0.9035999999999336,0.21307024399190305
0.9036999999999336,0.21275684432440642
0.9037999999999335,0.21244351396398137
0.9038999999999335,0.21213025288763995
0.9039999999999335,0.21181706107240444
0.9040999999999335,0.2114957314743962
0.9041999999999335,0.21117447290571048
0.9042999999999335,0.21086762865867772
0.9043999999999335,0.21056907858533105
0.9044999999999335,0.2102705304389037
0.9045999999999335,0.20997198421937674
0.9046999999999334,0.20967343992673174
0.9047999999999334,0.2093748975609499
0.9048999999999334,0.20907635712201264
0.9049999999999334,0.2087778186099013
0.9050999999999334,0.20849879729496698
0.9051999999999334,0.20821977778088044
0.9052999999999334,0.2079407600676114
0.9053999999999334,0.20766174415514227
0.9054999999999334,0.20738760640354836
0.9055999999999333,0.20712033404936545
0.9056999999999333,0.20685303310111802
0.9057999999999333,0.20658570355421707
0.9058999999999333,0.20631834540407265
0.9059999999999333,0.20605095864609393
0.9060999999999333,0.2057500082142598
0.9061999999999333,0.20544902557668437
0.9062999999999333,0.20514801072822011
0.9063999999999333,0.20484696366369592
0.9064999999999332,0.2045458843779397
0.9065999999999332,0.20424477286577816
0.9066999999999332,0.20394343677810362
0.9067999999999332,0.20364118614419122
0.9068999999999332,0.2033389063446922
0.9069999999999332,0.20303659737538488
0.9070999999999332,0.2027579005727044
0.9071999999999332,0.20247917687338016
0.9072999999999332,0.20220042627350251
0.9073999999999331,0.2019216487691767
0.9074999999999331,0.20164284435650756
0.9075999999999331,0.201364013031599
0.9076999999999331,0.20108515479055408
0.9077999999999331,0.20080626962947534
0.9078999999999331,0.20052735754446438
0.9079999999999331,0.20023147585516596
0.9080999999999331,0.1999661597806084
0.9081999999999331,0.19970086656315295
0.908299999999933,0.19943559619982473
0.908399999999933,0.1991703486876706
0.908499999999933,0.198905124023738
0.908599999999933,0.19863992220507487
0.908699999999933,0.19837474322872967
0.908799999999933,0.19810958709175128
0.908899999999933,0.1978444537911892
0.908999999999933,0.19757934332409355
0.909099999999933,0.19726563575438
0.909199999999933,0.19695627539841332
0.9092999999999329,0.19664917799688317
0.9093999999999329,0.19634208654121818
0.9094999999999329,0.1960350010312455
0.9095999999999329,0.19572792146679244
0.9096999999999329,0.19542084784768635
0.9097999999999329,0.1951137801737547
0.9098999999999329,0.1948067184448247
0.9099999999999329,0.1944996626607237
0.9100999999999329,0.1941726677255239
0.9101999999999328,0.1938456791209314
0.9102999999999328,0.1935186968467759
0.9103999999999328,0.1931913324604418
0.9104999999999328,0.19286331999396156
0.9105999999999328,0.19253531742691557
0.9106999999999328,0.19220732475885557
0.9107999999999328,0.19187934198933357
0.9108999999999328,0.19155136911790144
0.9109999999999328,0.1912234061441111
0.9110999999999327,0.19091244900214996
0.9111999999999327,0.19060150124405417
0.9112999999999327,0.19029056286938761
0.9113999999999327,0.18997963387772557
0.9114999999999327,0.18966871426864318
0.9115999999999327,0.18935763882407472
0.9116999999999327,0.18904436190092472
0.9117999999999327,0.18873110230620926
0.9118999999999327,0.18841786003849043
0.9119999999999326,0.18810463509633085
0.9120999999999326,0.18782166454687474
0.9121999999999326,0.18753870964779143
0.9122999999999326,0.1872557703977621
0.9123999999999326,0.18697284679548853
0.9124999999999326,0.18668993883967275
0.9125999999999326,0.18640704652901682
0.9126999999999326,0.18612416986222308
0.9127999999999326,0.18584130883799369
0.9128999999999325,0.18556555849141174
0.9129999999999325,0.18529215656929035
0.9130999999999325,0.18504788880054177
0.9131999999999325,0.18480360965190687
0.9132999999999325,0.18455931912257084
0.9133999999999325,0.1843150172117382
0.9134999999999325,0.18407070391861358
0.9135999999999325,0.18382637924240153
0.9136999999999325,0.1835820431823065
0.9137999999999324,0.18333769573753275
0.9138999999999324,0.18309333690728463
0.9139999999999324,0.18284896669076642
0.9140999999999324,0.18258620238163467
0.9141999999999324,0.1823224046326373
0.9142999999999324,0.18205859965383708
0.9143999999999324,0.18179478744493663
0.9144999999999324,0.18153096800563878
0.9145999999999324,0.1812671413356462
0.9146999999999323,0.18100330743466178
0.9147999999999323,0.1807394663023881
0.9148999999999323,0.18047561793852784
0.9149999999999323,0.18021176234278383
0.9150999999999323,0.17993928339855117
0.9151999999999323,0.17966679698566654
0.9152999999999323,0.17939307630601697
0.9153999999999323,0.17910112803361503
0.9154999999999323,0.17880923515337852
0.9155999999999322,0.17851739764954422
0.9156999999999322,0.17822561550635507
0.9157999999999322,0.17793388870806004
0.9158999999999322,0.17764221723891377
0.9159999999999322,0.17735060108317732
0.9160999999999322,0.17706213757308822
0.9161999999999322,0.176773728757672
0.9162999999999322,0.1764853746213723
0.9163999999999322,0.17619707514864072
0.9164999999999321,0.17590883032393495
0.9165999999999321,0.17563979370485513
0.9166999999999321,0.17537917741557676
0.9167999999999321,0.17511852862879912
0.9168999999999321,0.1748578473384435
0.9169999999999321,0.1745971335384296
0.9170999999999321,0.17430341825110576
0.9171999999999321,0.17400966632985088
0.9172999999999321,0.17371587776783307
0.917399999999932,0.17342205255819648
0.917499999999932,0.17312819069408333
0.917599999999932,0.17283429216863436
0.917699999999932,0.17254035697498846
0.917799999999932,0.1722393128630973
0.917899999999932,0.1719224402623233
0.917999999999932,0.17160561243952618
0.918099999999932,0.17130011696762112
0.918199999999932,0.17099466465987342
0.918299999999932,0.17068925550712774
0.9183999999999319,0.1703838895002393
0.9184999999999319,0.1700785666300657
0.9185999999999319,0.16977328688746726
0.9186999999999319,0.1694680502633067
0.9187999999999319,0.16916285674844952
0.9188999999999319,0.16885770633376374
0.9189999999999319,0.1685525990101199
0.9190999999999319,0.168298974869539
0.9191999999999318,0.16804622878193487
0.9192999999999318,0.16779349052779835
0.9193999999999318,0.1675407601067653
0.9194999999999318,0.16728803751847154
0.9195999999999318,0.16703532276255295
0.9196999999999318,0.16678261583864537
0.9197999999999318,0.16652991674638476
0.9198999999999318,0.16627722548540708
0.9199999999999318,0.16602454205534822
0.9200999999999318,0.165766727185807
0.9201999999999317,0.1655089203057144
0.9202999999999317,0.16525235066256586
0.9203999999999317,0.1649970766291932
0.9204999999999317,0.16474180271244634
0.9205999999999317,0.16448652891232518
0.9206999999999317,0.16423125522882984
0.9207999999999317,0.16397598166195998
0.9208999999999317,0.1637207082117157
0.9209999999999317,0.1634654348780969
0.9210999999999316,0.1631858884711377
0.9211999999999316,0.1629063421918767
0.9212999999999316,0.16262679604033045
0.9213999999999316,0.1623472500164989
0.9214999999999316,0.16206745911198744
0.9215999999999316,0.161783159520364
0.9216999999999316,0.1614988767667908
0.9217999999999316,0.16121461084977218
0.9218999999999316,0.1609303617678123
0.9219999999999315,0.16064612951941581
0.9220999999999315,0.16037584903815896
0.9221999999999315,0.16010558456229024
0.9222999999999315,0.1598353360903785
0.9223999999999315,0.15956510362100218
0.9224999999999315,0.15929488715273993
0.9225999999999315,0.15902468668417075
0.9226999999999315,0.1587545022138735
0.9227999999999315,0.15848783446982484
0.9228999999999314,0.15822351224298492
0.9229999999999314,0.15795918616574342
0.9230999999999314,0.1576952954288037
0.9231999999999314,0.15743140084769236
0.9232999999999314,0.15716750242232488
0.9233999999999314,0.15690360015261745
0.9234999999999314,0.15663969403848585
0.9235999999999314,0.15637578407984631
0.9236999999999314,0.15611187027661463
0.9237999999999313,0.15584795262870696
0.9238999999999313,0.15558403113603916
0.9239999999999313,0.1553199530039835
0.9240999999999313,0.15504864655036255
0.9241999999999313,0.15477734027090292
0.9242999999999313,0.15450603416560876
0.9243999999999313,0.15423472823447987
0.9244999999999313,0.1539634224775161
0.9245999999999313,0.15369211689471726
0.9246999999999312,0.15342081148608328
0.9247999999999312,0.1531495062516138
0.9248999999999312,0.1528782011913088
0.9249999999999312,0.15260689630516813
0.9250999999999312,0.15233486881450264
0.9251999999999312,0.15206284149846455
0.9252999999999312,0.1517888816718265
0.9253999999999312,0.15151385812804744
0.9254999999999312,0.15123884565155035
0.9255999999999311,0.15096384424166723
0.9256999999999311,0.15068885389773007
0.9257999999999311,0.150413874619071
0.9258999999999311,0.1501389064050221
0.9259999999999311,0.14986394925491556
0.9260999999999311,0.1496171787393601
0.9261999999999311,0.14937041815277136
0.9262999999999311,0.14912366749453076
0.9263999999999311,0.14887692676403902
0.926499999999931,0.14863160592067384
0.926599999999931,0.1483949476869093
0.926699999999931,0.1481582668688472
0.926799999999931,0.14792156346325455
0.926899999999931,0.14768483746689776
0.926999999999931,0.14744808887654262
0.927099999999931,0.14721399662671236
0.927199999999931,0.14697988203212742
0.927299999999931,0.14674574508958643
0.927399999999931,0.1465115857958893
0.9274999999999309,0.14627740414783538
0.9275999999999309,0.14604320014222338
0.9276999999999309,0.1458089737758514
0.9277999999999309,0.14557188871529603
0.9278999999999309,0.14533305308636
0.9279999999999309,0.14509420966980593
0.9280999999999309,0.14486479957377033
0.9281999999999309,0.14463538199721393
0.9282999999999308,0.14440595693976416
0.9283999999999308,0.1441765244010552
0.9284999999999308,0.14394708438072104
0.9285999999999308,0.14371763687839578
0.9286999999999308,0.14348818189371337
0.9287999999999308,0.14325871942630786
0.9288999999999308,0.14302924947581322
0.9289999999999308,0.14280124663280838
0.9290999999999308,0.14259090501811228
0.9291999999999307,0.14238050405126998
0.9292999999999307,0.14217004370715605
0.9293999999999307,0.14195952396063166
0.9294999999999307,0.14174894478654368
0.9295999999999307,0.1415383061597249
0.9296999999999307,0.14132760805499384
0.9297999999999307,0.14111685044715488
0.9298999999999307,0.1409060333109981
0.9299999999999307,0.14069515662129928
0.9300999999999306,0.1404494787906843
0.9301999999999306,0.1402037315391265
0.9302999999999306,0.13998812529327337
0.9303999999999306,0.13979925920545147
0.9304999999999306,0.13961018532634153
0.9305999999999306,0.13942090331283555
0.9306999999999306,0.13923141282106963
0.9307999999999306,0.139041713506422
0.9308999999999306,0.138851805023511
0.9309999999999305,0.13866168702619283
0.9310999999999305,0.13849211736383016
0.9311999999999305,0.13832236041903354
0.9312999999999305,0.13815241588134874
0.9313999999999305,0.13798228343964972
0.9314999999999305,0.1378119627821219
0.9315999999999305,0.13755770227201483
0.9316999999999305,0.13729980178350149
0.9317999999999305,0.13704194362386957
0.9318999999999305,0.13678412778269888
0.9319999999999304,0.1365263542495726
0.9320999999999304,0.13627478744029184
0.9321999999999304,0.1360232619068089
0.9322999999999304,0.13577177763896192
0.9323999999999304,0.13552033462659657
0.9324999999999304,0.13526893285956182
0.9325999999999304,0.13501757232771006
0.9326999999999304,0.13476625302089695
0.9327999999999304,0.13456334064292824
0.9328999999999303,0.13444263074334972
0.9329999999999303,0.134321705686779
0.9330999999999303,0.1341988692911748
0.9331999999999303,0.13407581355729078
0.9332999999999303,0.13395253789712325
0.9333999999999303,0.13382904172056345
0.9334999999999303,0.13370532443538988
0.9335999999999303,0.13358138544725828
0.9336999999999303,0.13345722415969238
0.9337999999999302,0.13333283997407452
0.9338999999999302,0.13320823228963521
0.9339999999999302,0.13308340050344455
0.9340999999999302,0.13284932343821448
0.9341999999999302,0.13258205463511472
0.9342999999999302,0.13231487415395243
0.9343999999999302,0.1320477819509543
0.9344999999999302,0.1317807779823761
0.9345999999999302,0.13151386220450245
0.9346999999999301,0.13124703457364673
0.9347999999999301,0.13098029504615138
0.9348999999999301,0.13071364357838752
0.9349999999999301,0.13044708012675515
0.9350999999999301,0.13019749637355915
0.9351999999999301,0.12994799497562323
0.9352999999999301,0.12969224618031705
0.9353999999999301,0.12939883145911107
0.93549999999993,0.1291057132236647
0.93559999999993,0.1288128910248213
0.93569999999993,0.12852036441433115
0.93579999999993,0.12822813294484914
0.93589999999993,0.12793619616993238
0.93599999999993,0.12764455364403784
0.93609999999993,0.127349275738127
0.93619999999993,0.12705429514915773
0.93629999999993,0.12675961142830372
0.93639999999993,0.12646522412763886
0.9364999999999299,0.12617113280013764
0.9365999999999299,0.12595853916544342
0.9366999999999299,0.12582570955687672
0.9367999999999299,0.12569267330575684
0.9368999999999299,0.12555942992949867
0.9369999999999299,0.12542597894401336
0.9370999999999299,0.12527446717849322
0.9371999999999299,0.12512271897097768
0.9372999999999299,0.12497073376757707
0.9373999999999298,0.12481851101265791
0.9374999999999298,0.12466605014884796
0.9375999999999298,0.12451335061703028
0.9376999999999298,0.12436041185633605
0.9377999999999298,0.12420723330413756
0.9378999999999298,0.12382456012254821
0.9379999999999298,0.12340191122610547
0.9380999999999298,0.12299105282023419
0.9381999999999298,0.12258133659079441
0.9382999999999297,0.12217275778155538
0.9383999999999297,0.1217653116626654
0.9384999999999297,0.12135899353046072
0.9385999999999297,0.12095379870728536
0.9386999999999297,0.12054972254131141
0.9387999999999297,0.12014676040636094
0.9388999999999297,0.11974490770172946
0.9389999999999297,0.11934415985201097
0.9390999999999297,0.11897368733136499
0.9391999999999296,0.11872414796515719
0.9392999999999296,0.11847468135613845
0.9393999999999296,0.11822528747249317
0.9394999999999296,0.11797596628242427
0.9395999999999296,0.11772671775415314
0.9396999999999296,0.11747754185591984
0.9397999999999296,0.11722843855598274
0.9398999999999296,0.11697940782261879
0.9399999999999296,0.11673044962412354
0.9400999999999295,0.11650157915349718
0.9401999999999295,0.11627277532628805
0.9402999999999295,0.11604403811337802
0.9403999999999295,0.11583378476927808
0.9404999999999295,0.11564308013660825
0.9405999999999295,0.11545230585598582
0.9406999999999295,0.11526146188924918
0.9407999999999295,0.11507054819820904
0.9408999999999295,0.11487956474464799
0.9409999999999294,0.11468851149032072
0.9410999999999294,0.11449610094732858
0.9411999999999294,0.11430362005628486
0.9412999999999294,0.114111068778603
0.9413999999999294,0.11391844707566733
0.9414999999999294,0.1137257549088339
0.9415999999999294,0.11353299223943057
0.9416999999999294,0.11339491253364985
0.9417999999999294,0.11327234531955432
0.9418999999999293,0.11314958054394819
0.9419999999999293,0.11302661772878293
0.9420999999999293,0.11288946071015721
0.9421999999999293,0.11275208207743308
0.9422999999999293,0.11261448129307036
0.9423999999999293,0.11247665781777899
0.9424999999999293,0.112338611110522
0.9425999999999293,0.11220034062850827
0.9426999999999293,0.11206184582718562
0.9427999999999293,0.1119231261602334
0.9428999999999292,0.11177954220739661
0.9429999999999292,0.11155226634884072
0.9430999999999292,0.11134422016100663
0.9431999999999292,0.11113616429344164
0.9432999999999292,0.11092809874545663
0.9433999999999292,0.11072002351637596
0.9434999999999292,0.11051193860552395
0.9435999999999292,0.1103038440122248
0.9436999999999292,0.11009573973580274
0.9437999999999291,0.10988762577558182
0.9438999999999291,0.10967950213088616
0.9439999999999291,0.1094713688010397
0.9440999999999291,0.10925209062753465
0.9441999999999291,0.10900687516490616
0.9442999999999291,0.10870444760694982
0.9443999999999291,0.10840246813684014
0.9444999999999291,0.10810093575945916
0.944599999999929,0.10779984948263313
0.944699999999929,0.10749920831712219
0.944799999999929,0.10719901127660891
0.944899999999929,0.1068992573776879
0.944999999999929,0.10659994563985503
0.945099999999929,0.1062967070048501
0.945199999999929,0.10599391501236227
0.945299999999929,0.10569156867632608
0.945399999999929,0.10538966701357338
0.945499999999929,0.10514531165892216
0.9455999999999289,0.10494737421235083
0.9456999999999289,0.10474933789148852
0.9457999999999289,0.10455120262223185
0.9458999999999289,0.10435296833040321
0.9459999999999289,0.10415463494175098
0.9460999999999289,0.10396996866844703
0.9461999999999289,0.10378521003477692
0.9462999999999289,0.1036003589714227
0.9463999999999289,0.10341541540900692
0.9464999999999288,0.10323037927808286
0.9465999999999288,0.10304525050913403
0.9466999999999288,0.1028600290325744
0.9467999999999288,0.10265723268053384
0.9468999999999288,0.10244935211465658
0.9469999999999288,0.10224145872811678
0.9470999999999288,0.1020452941351039
0.9471999999999288,0.10184911744325233
0.9472999999999288,0.10165292865143445
0.9473999999999287,0.10145672775853067
0.9474999999999287,0.1012605147634214
0.9475999999999287,0.10106428966498686
0.9476999999999287,0.10086805246210714
0.9477999999999287,0.10067180315366211
0.9478999999999287,0.10047554173853165
0.9479999999999287,0.10027926821559541
0.9480999999999287,0.1000422163110292
0.9481999999999287,0.09980467669551865
0.9482999999999286,0.09956729003833759
0.9483999999999286,0.09933005619179262
0.9484999999999286,0.09909297500838017
0.9485999999999286,0.0988560463407864
0.9486999999999286,0.09861927004188716
0.9487999999999286,0.0983826459647473
0.9488999999999286,0.09814617396262063
0.9489999999999286,0.09790985388894946
0.9490999999999286,0.09768188796346915
0.9491999999999285,0.09745406840742948
0.9492999999999285,0.09723536300833295
0.9493999999999285,0.0970601280375173
0.9494999999999285,0.09688481655367497
0.9495999999999285,0.09670942850668311
0.9496999999999285,0.09653396384637501
0.9497999999999285,0.09635842252254019
0.9498999999999285,0.09618280448492433
0.9499999999999285,0.09600710968322893
0.9500999999999284,0.09583272171298923
0.9501999999999284,0.09565825748300985
0.9502999999999284,0.09548371694325633
0.9503999999999284,0.09530910004365142
0.9504999999999284,0.09513440673407411
0.9505999999999284,0.09494921762960858
0.9506999999999284,0.09474406686313812
0.9507999999999284,0.0945389575893254
0.9508999999999284,0.09433388979558362
0.9509999999999283,0.09412886346933096
0.9510999999999283,0.09393824853635285
0.9511999999999283,0.09374767214051695
0.9512999999999283,0.09355713427012749
0.9513999999999283,0.0933666349135036
0.9514999999999283,0.09317617405896919
0.9515999999999283,0.09298575169485286
0.9516999999999283,0.09279536780948792
0.9517999999999283,0.09260502239121252
0.9518999999999282,0.09240889798596753
0.9519999999999282,0.09220697483369501
0.9520999999999282,0.09199080726594938
0.9521999999999282,0.09177473801065865
0.9522999999999282,0.09155876700077989
0.9523999999999282,0.09134289416932095
0.9524999999999282,0.09112711944935056
0.9525999999999282,0.09091144277399828
0.9526999999999282,0.09069586407645429
0.9527999999999281,0.09048038328996967
0.9528999999999281,0.09026500034785602
0.9529999999999281,0.09004971518348545
0.9530999999999281,0.0898428662314859
0.9531999999999281,0.08965895656209802
0.9532999999999281,0.08948816929948589
0.9533999999999281,0.08931732235080288
0.9534999999999281,0.08914641568475509
0.9535999999999281,0.08897544927002704
0.953699999999928,0.08880442307528115
0.953799999999928,0.08863333706915795
0.953899999999928,0.08846219122027607
0.953999999999928,0.08829098549723213
0.954099999999928,0.08810789780069743
0.954199999999928,0.08792474602980545
0.954299999999928,0.08774153015092316
0.954399999999928,0.08755825013038541
0.954499999999928,0.08734928830761444
0.954599999999928,0.08713205928599128
0.9546999999999279,0.08691492303715335
0.9547999999999279,0.08669787950168206
0.9548999999999279,0.08648092862020965
0.9549999999999279,0.08626407033341899
0.9550999999999279,0.08603027109922579
0.9551999999999279,0.08579657160801217
0.9552999999999279,0.08556297179597583
0.9553999999999279,0.08532947159935655
0.9554999999999279,0.08509607095444847
0.9555999999999278,0.08486276979760005
0.9556999999999278,0.08462956806521404
0.9557999999999278,0.08441569692063763
0.9558999999999278,0.0842050275412013
0.9559999999999278,0.08399433587871881
0.9560999999999278,0.08382676949905238
0.9561999999999278,0.08365918539361202
0.9562999999999278,0.08349158355955384
0.9563999999999278,0.08332396399406443
0.9564999999999277,0.08315632669432974
0.9565999999999277,0.08298867165753528
0.9566999999999277,0.08282099888086576
0.9567999999999277,0.08265330836150551
0.9568999999999277,0.08248560009663804
0.9569999999999277,0.08231787408344647
0.9570999999999277,0.08213373100886452
0.9571999999999277,0.08194839691602471
0.9572999999999277,0.0817631412067522
0.9573999999999276,0.08157796383133112
0.9574999999999276,0.08139286474008779
0.9575999999999276,0.08120784388339043
0.9576999999999276,0.08102290121164928
0.9577999999999276,0.08083803667531642
0.9578999999999276,0.08065325022488583
0.9579999999999276,0.08046854181089327
0.9580999999999276,0.0802738850982263
0.9581999999999276,0.08007931055556079
0.9582999999999275,0.07988506955800606
0.9583999999999275,0.07971795347164465
0.9584999999999275,0.07955079344022135
0.9585999999999275,0.0793835894464001
0.9586999999999275,0.07921634147283574
0.9587999999999275,0.07904904950217394
0.9588999999999275,0.07888171351705131
0.9589999999999275,0.07871433350009523
0.9590999999999275,0.07854276017136684
0.9591999999999274,0.0783711416839289
0.9592999999999274,0.07819947801995311
0.9593999999999274,0.07802776916159887
0.9594999999999274,0.07785601509101617
0.9595999999999274,0.07768275100780508
0.9596999999999274,0.07748622832897348
0.9597999999999274,0.07728977904865245
0.9598999999999274,0.0770934031257296
0.9599999999999274,0.07689710051912337
0.9600999999999273,0.07670024478181048
0.9601999999999273,0.07650346251252191
0.9602999999999273,0.0763067536701374
0.9603999999999273,0.07611011821356722
0.9604999999999273,0.07591355610175209
0.9605999999999273,0.07571706729366345
0.9606999999999273,0.07552065174830327
0.9607999999999273,0.0753243094247042
0.9608999999999273,0.07512974970537091
0.9609999999999272,0.07495213941156803
0.9610999999999272,0.07477489674588877
0.9611999999999272,0.07459763219973961
0.9612999999999272,0.07442034576906832
0.9613999999999272,0.07424303744982197
0.9614999999999272,0.07406570723794663
0.9615999999999272,0.0738883551293873
0.9616999999999272,0.07371098112008809
0.9617999999999272,0.07353358520599204
0.9618999999999271,0.0733561673830412
0.9619999999999271,0.07317872764717659
0.9620999999999271,0.07301021894308635
0.9621999999999271,0.07284069283186623
0.9622999999999271,0.07266282783013008
0.9623999999999271,0.07248498646397233
0.9624999999999271,0.07230716872868215
0.9625999999999271,0.07212937461954985
0.9626999999999271,0.071951604131867
0.962799999999927,0.07177385726092651
0.962899999999927,0.0715961340020224
0.962999999999927,0.07141843435045007
0.963099999999927,0.071246473860213
0.963199999999927,0.07107453620879818
0.963299999999927,0.0709026213916518
0.963399999999927,0.07073072940422531
0.963499999999927,0.07055911689066412
0.963599999999927,0.07038972797903359
0.963699999999927,0.07022034972839925
0.9637999999999269,0.07005098213775472
0.9638999999999269,0.06988162520609362
0.9639999999999269,0.0697122789324098
0.9640999999999269,0.06955211175709576
0.9641999999999269,0.06939195466080127
0.9642999999999269,0.06923180764256827
0.9643999999999269,0.06907167070144558
0.9644999999999269,0.06891154383648201
0.9645999999999268,0.06875142704672665
0.9646999999999268,0.0685913203312286
0.9647999999999268,0.06843142098758397
0.9648999999999268,0.0682736765405746
0.9649999999999268,0.06811593119294793
0.9650999999999268,0.06796206789117801
0.9651999999999268,0.06780820371094741
0.9652999999999268,0.0676543386522457
0.9653999999999268,0.06750047271506543
0.9654999999999268,0.06734660589939905
0.9655999999999267,0.06719273820523902
0.9656999999999267,0.06703886963257784
0.9657999999999267,0.06688500018140797
0.9658999999999267,0.0667311298517219
0.9659999999999267,0.06657725864351212
0.9660999999999267,0.06642156452157344
0.9661999999999267,0.06625911724610167
0.9662999999999267,0.06609670376061358
0.9663999999999267,0.0659343240545675
0.9664999999999266,0.06577197811742617
0.9665999999999266,0.06560966593865665
0.9666999999999266,0.06544738750773044
0.9667999999999266,0.06528514281412338
0.9668999999999266,0.06512293184731566
0.9669999999999266,0.06496075459679196
0.9670999999999266,0.06479092526185297
0.9671999999999266,0.06462113121936892
0.9672999999999266,0.06445137245834534
0.9673999999999265,0.06428164896778671
0.9674999999999265,0.06411826915098594
0.9675999999999265,0.0639549485168927
0.9676999999999265,0.06379162938184563
0.9677999999999265,0.06362831174582405
0.9678999999999265,0.06346499560880736
0.9679999999999265,0.06330168097077492
0.9680999999999265,0.06313818031314095
0.9681999999999265,0.0629746811561709
0.9682999999999264,0.06281118349984428
0.9683999999999264,0.06264768734414042
0.9684999999999264,0.06248419268903866
0.9685999999999264,0.062320699534518326
0.9686999999999264,0.06215720788055881
0.9687999999999264,0.061993081073680095
0.9688999999999264,0.06182890241187501
0.9689999999999264,0.06166472893014448
0.9690999999999264,0.06150793049205289
0.9691999999999263,0.061351137001028413
0.9692999999999263,0.06119434845683153
0.9693999999999263,0.06103756485922808
0.9694999999999263,0.06088078620798403
0.9695999999999263,0.06072401250286527
0.9696999999999263,0.06056724374363776
0.9697999999999263,0.06041047993006745
0.9698999999999263,0.06025372106192031
0.9699999999999263,0.060096967138962294
0.9700999999999262,0.05993948168193516
0.9701999999999262,0.059782065937930215
0.9702999999999262,0.0596246531338874
0.9703999999999262,0.059467243269724385
0.9704999999999262,0.05930983634535879
0.9705999999999262,0.05915243236070825
0.9706999999999262,0.05899503131569045
0.9707999999999262,0.058837633210223
0.9708999999999262,0.05868023804422358
0.9709999999999261,0.05852284581760984
0.9710999999999261,0.058373936679444856
0.9711999999999261,0.058225030322141644
0.9712999999999261,0.05807612674561604
0.9713999999999261,0.05792691467467879
0.9714999999999261,0.05777758565142203
0.9715999999999261,0.05762826164872109
0.9716999999999261,0.05747894266632279
0.9717999999999261,0.057329628703973894
0.971899999999926,0.05718031976142133
0.971999999999926,0.05703101583841194
0.972099999999926,0.056891252991659855
0.972199999999926,0.05675149484337462
0.972299999999926,0.0566117413933122
0.972399999999926,0.0564719926412357
0.972499999999926,0.05633224858690826
0.972599999999926,0.05619250923009295
0.972699999999926,0.056055002581496184
0.972799999999926,0.05591901558107892
0.9728999999999259,0.055783014918420464
0.9729999999999259,0.05564700059146181
0.9730999999999259,0.05551863469711892
0.9731999999999259,0.055390255904268375
0.9732999999999259,0.05526186421096024
0.9733999999999259,0.05513345961524996
0.9734999999999259,0.05500504211519252
0.9735999999999259,0.05487661170884254
0.9736999999999258,0.05474816839425424
0.9737999999999258,0.05461971216948152
0.9738999999999258,0.05449124303257775
0.9739999999999258,0.05436163634593514
0.9740999999999258,0.054228250975322884
0.9741999999999258,0.0540948644841368
0.9742999999999258,0.05396147687236462
0.9743999999999258,0.053828088139992174
0.9744999999999258,0.053694698287005314
0.9745999999999257,0.05356130731338998
0.9746999999999257,0.05342791521913204
0.9747999999999257,0.05329452200421732
0.9748999999999257,0.05316112766863176
0.9749999999999257,0.05302773221236119
0.9750999999999257,0.05288630094153292
0.9751999999999257,0.05274486848248304
0.9752999999999257,0.052603140621551525
0.9753999999999257,0.05246068632566654
0.9754999999999256,0.05231823637369084
0.9755999999999256,0.052175790765425695
0.9756999999999256,0.0520333495006725
0.9757999999999256,0.051890912579232555
0.9758999999999256,0.051748480000907204
0.9759999999999256,0.051606051765497846
0.9760999999999256,0.051463042980448126
0.9761999999999256,0.051320038555750146
0.9762999999999256,0.05117703849120489
0.9763999999999255,0.05103404278661294
0.9764999999999255,0.05089105144177496
0.9765999999999255,0.05074795057240791
0.9766999999999255,0.050603919261181705
0.9767999999999255,0.05045989831202594
0.9768999999999255,0.05031588772382252
0.9769999999999255,0.05017188749545338
0.9770999999999255,0.05003065846249469
0.9771999999999255,0.049889439588542
0.9772999999999255,0.04974823087249715
0.9773999999999254,0.04960703231326417
0.9774999999999254,0.04946584390974728
0.9775999999999254,0.049324665660850836
0.9776999999999254,0.0491834975654794
0.9777999999999254,0.04904233962253758
0.9778999999999254,0.048901191830930266
0.9779999999999254,0.04876119755365787
0.9780999999999254,0.048626827792714
0.9781999999999254,0.04849246077830458
0.9782999999999253,0.04835809651034131
0.9783999999999253,0.04822373498873997
0.9784999999999253,0.048089376213416364
0.9785999999999253,0.04795502018428628
0.9786999999999253,0.04782066690126556
0.9787999999999253,0.04768631636426996
0.9788999999999253,0.04755196857321532
0.9789999999999253,0.04741762352801748
0.9790999999999253,0.04728674964490596
0.9791999999999252,0.04715587843659794
0.9792999999999252,0.04702480805714187
0.9793999999999252,0.046893653617098435
0.9794999999999252,0.04676250347481544
0.9795999999999252,0.046631357630081624
0.9796999999999252,0.04650021608268577
0.9797999999999252,0.04636907883241666
0.9798999999999252,0.04623794587906308
0.9799999999999252,0.046106817222413866
0.9800999999999251,0.045983677746399894
0.9801999999999251,0.04586054230504964
0.9802999999999251,0.045737410898158866
0.9803999999999251,0.04561428352552928
0.9804999999999251,0.04549116018696259
0.9805999999999251,0.0453677293594835
0.9806999999999251,0.04524394436128048
0.9807999999999251,0.045120167087498844
0.980899999999925,0.04499639753741559
0.980999999999925,0.04487263571030779
0.981099999999925,0.04475184395395039
0.981199999999925,0.044631059734291934
0.981299999999925,0.0445102830506249
0.981399999999925,0.04438951390224398
0.981499999999925,0.044268752288444034
0.981599999999925,0.044147998208519994
0.981699999999925,0.04402725166176683
0.981799999999925,0.04390651264747966
0.9818999999999249,0.04378615588528355
0.9819999999999249,0.04366718897412386
0.9820999999999249,0.04354732361448621
0.9821999999999249,0.043427456080012944
0.9822999999999249,0.04330758637064553
0.9823999999999249,0.0431877144863248
0.9824999999999249,0.04306784042699154
0.9825999999999249,0.04294796419258658
0.9826999999999249,0.04282808578305066
0.9827999999999248,0.04270820519832464
0.9828999999999248,0.0425883224383493
0.9829999999999248,0.04246843750306541
0.9830999999999248,0.042350736772380146
0.9831999999999248,0.042233033905942796
0.9832999999999248,0.04211435941136019
0.9833999999999248,0.04199563080055065
0.9834999999999248,0.0418769058262187
0.9835999999999248,0.041758184488197306
0.9836999999999247,0.041639466786319426
0.9837999999999247,0.041520752720417976
0.9838999999999247,0.041402042290325944
0.9839999999999247,0.041283335495876324
0.9840999999999247,0.04116721113770777
0.9841999999999247,0.04105109033587324
0.9842999999999247,0.0409349730902074
0.9843999999999247,0.04081885940054691
0.9844999999999247,0.040702749266728414
0.9845999999999246,0.040586572008344465
0.9846999999999246,0.04047036197851464
0.9847999999999246,0.04035415612298238
0.9848999999999246,0.040237954441522825
0.9849999999999246,0.04012175693391103
0.9850999999999246,0.03999912899311255
0.9851999999999246,0.0398765054568236
0.9852999999999246,0.0397538863248117
0.9853999999999246,0.03963127159683958
0.9854999999999245,0.039508661272670005
0.9855999999999245,0.039386055352065706
0.9856999999999245,0.039263453834789463
0.9857999999999245,0.039140856720604064
0.9858999999999245,0.03901852177686956
0.9859999999999245,0.038896660889331254
0.9860999999999245,0.03878229978190229
0.9861999999999245,0.038667938499291184
0.9862999999999245,0.03855357704149184
0.9863999999999244,0.03843921540850388
0.9864999999999244,0.03832485360032689
0.9865999999999244,0.03821049161696047
0.9866999999999244,0.03809612945840423
0.9867999999999244,0.037981767124657756
0.9868999999999244,0.03786740461572064
0.9869999999999244,0.03775304193159249
0.9870999999999244,0.03763956145327239
0.9871999999999244,0.037526071433371
0.9872999999999243,0.0374122829974351
0.9873999999999243,0.037298496258507306
0.9874999999999243,0.03718471121654966
0.9875999999999243,0.03707092787152422
0.9876999999999243,0.03695714622339298
0.9877999999999243,0.036843366272118025
0.9878999999999243,0.03672958801766137
0.9879999999999243,0.036615811459985076
0.9880999999999243,0.03651149848024666
0.9881999999999243,0.036407187056116494
0.9882999999999242,0.0363028771875526
0.9883999999999242,0.03619856887452019
0.9884999999999242,0.036094262116984466
0.9885999999999242,0.035990130714334996
0.9886999999999242,0.0358860777677461
0.9887999999999242,0.035782024916074955
0.9888999999999242,0.03567797215932147
0.9889999999999242,0.03557391949748547
0.9890999999999242,0.035471712630063615
0.9891999999999241,0.03536950585587675
0.9892999999999241,0.03526729917492335
0.9893999999999241,0.03516509258720329
0.9894999999999241,0.035062886092716426
0.9895999999999241,0.034960679691462646
0.9896999999999241,0.034858473383441814
0.9897999999999241,0.03475626716865382
0.9898999999999241,0.0346540617113148
0.989999999999924,0.03455185767978327
0.990099999999924,0.0344484695143511
0.990199999999924,0.03434508143126724
0.990299999999924,0.03424169343053248
0.990399999999924,0.034138305512146735
0.990499999999924,0.0340349176761099
0.990599999999924,0.0339315299224219
0.990699999999924,0.03382814225108259
0.990799999999924,0.033724754662091905
0.990899999999924,0.03362136715544975
0.9909999999999239,0.033517979731156
0.9910999999999239,0.033416867187188226
0.9911999999999239,0.033315754723758535
0.9912999999999239,0.033214463391538225
0.9913999999999239,0.033113164777785024
0.9914999999999239,0.033011867387949395
0.9915999999999239,0.03291057122200916
0.9916999999999239,0.03280927627994211
0.9917999999999239,0.03270798256172611
0.9918999999999238,0.03260669006733891
0.9919999999999238,0.032505398796758414
0.9920999999999238,0.03240186990324693
0.9921999999999238,0.032298342260545274
0.9922999999999238,0.032194815868632466
0.9923999999999238,0.032091290727485844
0.9924999999999238,0.031987766837082716
0.9925999999999238,0.03188422911100807
0.9926999999999238,0.03178068092379069
0.9927999999999237,0.03167713416251693
0.9928999999999237,0.03157358882715738
0.9929999999999237,0.03147004491768254
0.9930999999999237,0.031366967280862405
0.9931999999999237,0.03126389106346727
0.9932999999999237,0.031160816265467517
0.9933999999999237,0.0310577428868338
0.9934999999999237,0.03095467092753681
0.9935999999999237,0.030851600387547237
0.9936999999999236,0.030748531266835744
0.9937999999999236,0.03064546356537304
0.9938999999999236,0.03054240303851241
0.9939999999999236,0.030439377083244804
0.9940999999999236,0.030340021729056723
0.9941999999999236,0.030240667488832265
0.9942999999999236,0.03014131436254991
0.9943999999999236,0.030041962350190923
0.9944999999999236,0.02994261145173657
0.9945999999999235,0.029843261667168112
0.9946999999999235,0.02974391299646681
0.9947999999999235,0.02964456543961396
0.9948999999999235,0.029545218996590798
0.9949999999999235,0.02944587366737861
0.9950999999999235,0.02934777175805364
0.9951999999999235,0.029249670948575304
0.9952999999999235,0.029151551899843316
0.9953999999999235,0.029053426454045135
0.9954999999999234,0.028955302290046482
0.9955999999999234,0.02885717940782223
0.9956999999999234,0.028759057807347284
0.9957999999999234,0.028660937488596536
0.9958999999999234,0.028562818451544843
0.9959999999999234,0.02846470069616711
0.9960999999999234,0.02837333473958441
0.9961999999999234,0.02828196997645353
0.9962999999999234,0.02819060640674595
0.9963999999999233,0.028099244030438272
0.9964999999999233,0.028007882847507097
0.9965999999999233,0.027916535952764523
0.9966999999999233,0.027825225916706452
0.9967999999999233,0.027733916753023172
0.9968999999999233,0.027642608461702186
0.9969999999999233,0.027551301042730975
0.9970999999999233,0.027466222800601545
0.9971999999999233,0.02738114537129767
0.9972999999999232,0.027296068754802946
0.9973999999999232,0.027210992951105708
0.9974999999999232,0.02712591796019431
0.9975999999999232,0.02704084378205712
0.9976999999999232,0.02695577041668247
0.9977999999999232,0.026870697864058705
0.9978999999999232,0.026785626124174223
0.9979999999999232,0.026700563419340535
0.9980999999999232,0.02661819920887914
0.9981999999999231,0.02653583572188452
0.9982999999999231,0.026453472958345103
0.9983999999999231,0.026371110918251343
0.9984999999999231,0.0262887496015937
0.9985999999999231,0.02620638900836266
0.9986999999999231,0.026124029138548683
0.9987999999999231,0.02604166999214224
0.9988999999999231,0.025959311569133798
0.9989999999999231,0.02587695386951383
0.999099999999923,0.025791393762134688
0.999199999999923,0.025705834406256678
0.999299999999923,0.025620255362653374
0.999399999999923,0.025534632874609716
0.999499999999923,0.025449011572525396
0.999599999999923,0.02536339145637577
0.999699999999923,0.025277772526136194
0.999799999999923,0.025192154781782036
0.999899999999923,0.02510653822328866
0.999999999999923,0.025020922850631417
1.000099999999923,0.0249342822682672
1.000199999999923,0.02484764288590499
1.000299999999923,0.024761004703520658
1.000399999999923,0.024674367721089288
1.000499999999923,0.024587731938585936
1.0005999999999229,0.02450109735598567
1.0006999999999229,0.024414555097681256
1.0007999999999229,0.024328034524340066
1.0008999999999229,0.02424151435313126
1.0009999999999228,0.024154994584052045
1.0010999999999228,0.024070841647786043
1.0011999999999228,0.02398668910264718
1.0012999999999228,0.023902536948630898
1.0013999999999228,0.023818385185734463
1.0014999999999228,0.02373423381395516
1.0015999999999228,0.023650082833290256
1.0016999999999228,0.023565932243737032
1.0017999999999228,0.02348178204529276
1.0018999999999227,0.023397632237954696
1.0019999999999227,0.023313456853782867
1.0020999999999227,0.023231366891907024
1.0021999999999227,0.023149277943603504
1.0022999999999227,0.023067190008851875
1.0023999999999227,0.022985103087633366
1.0024999999999227,0.022903017179929208
1.0025999999999227,0.022820932285720633
1.0026999999999227,0.022738848404988854
1.0027999999999226,0.022656765537715128
1.0028999999999226,0.022574683683880662
1.0029999999999226,0.022492602843466707
1.0030999999999226,0.022412263031264933
1.0031999999999226,0.022331924210964707
1.0032999999999226,0.02225158638254632
1.0033999999999226,0.02217127955626781
1.0034999999999226,0.022090983514628536
1.0035999999999226,0.02201068817418697
1.0036999999999225,0.021930393534933916
1.0037999999999225,0.02185009959686021
1.0038999999999225,0.02176980635995665
1.0039999999999225,0.021689513824214055
1.0040999999999225,0.0216144197234187
1.0041999999999225,0.021539326278381128
1.0042999999999225,0.021464233489088734
1.0043999999999225,0.021389141355532933
1.0044999999999225,0.021314049877705132
1.0045999999999224,0.021238959055596727
1.0046999999999224,0.021163871506000933
1.0047999999999224,0.021088795656530976
1.0048999999999224,0.021013720365302833
1.0049999999999224,0.02093864563231027
1.0050999999999224,0.020865770777688007
1.0051999999999224,0.02079289646493727
1.0052999999999224,0.02072002269405032
1.0053999999999224,0.020647149465021095
1.0054999999999223,0.020574276777843563
1.0055999999999223,0.02050140463251168
1.0056999999999223,0.020428533029019386
1.0057999999999223,0.020355661967360675
1.0058999999999223,0.020282791447529463
1.0059999999999223,0.020209921469519734
1.0060999999999223,0.02013990804002772
1.0061999999999223,0.020069892636834754
1.0062999999999223,0.01999987779981592
1.0063999999999222,0.01992986352896436
1.0064999999999222,0.019859849824273208
1.0065999999999222,0.019789836685735588
1.0066999999999222,0.019719824113344643
1.0067999999999222,0.0196498121070935
1.0068999999999222,0.01957980066697529
1.0069999999999222,0.019509789792983144
1.0070999999999222,0.01944082711832183
1.0071999999999222,0.01937186500130236
1.0072999999999221,0.019302903441917176
1.0073999999999221,0.019233942643489165
1.0074999999999221,0.019164992942027385
1.0075999999999221,0.019096043720790684
1.007699999999922,0.019027094979774072
1.007799999999922,0.018958146718972523
1.007899999999922,0.018889198938381015
1.007999999999922,0.018820251637994546
1.008099999999922,0.018751947376161825
1.008199999999922,0.018683643590049377
1.008299999999922,0.018615340279651713
1.008399999999922,0.018547037444963867
1.008499999999922,0.01847873508598088
1.008599999999922,0.01841043320269777
1.008699999999922,0.018342131795109577
1.008799999999922,0.018273831936758106
1.008899999999922,0.018205534114921165
1.008999999999922,0.018137236748950326
1.009099999999922,0.01806689609272734
1.009199999999922,0.017996555906001004
1.009299999999922,0.017926216188768187
1.009399999999922,0.0178558769410242
1.009499999999922,0.017785538162764333
1.009599999999922,0.017715199853983895
1.0096999999999219,0.017644862014678173
1.0097999999999219,0.017574524644842483
1.0098999999999219,0.017504187744472117
1.0099999999999218,0.017433851313562378
1.0100999999999218,0.017366151479307576
1.0101999999999218,0.01729843108566701
1.0102999999999218,0.01723070517967216
1.0103999999999218,0.017162979938404502
1.0104999999999218,0.017095255361854255
1.0105999999999218,0.017027531450011617
1.0106999999999218,0.016959808202866813
1.0107999999999218,0.016892085620410058
1.0108999999999218,0.016824363702631556
1.0109999999999217,0.01675664244952154
1.0110999999999217,0.016691167393976993
1.0111999999999217,0.01662569298104415
1.0112999999999217,0.016560219210711807
1.0113999999999217,0.016494746082970486
1.0114999999999217,0.01642927669440933
1.0115999999999217,0.01636382987689029
1.0116999999999217,0.016298383501417383
1.0117999999999217,0.016232937567986123
1.0118999999999216,0.01616749207659203
1.0119999999999216,0.016102047027230636
1.0120999999999216,0.016039796273507243
1.0121999999999216,0.015977545940238265
1.0122999999999216,0.015915296027416957
1.0123999999999216,0.015853046535039036
1.0124999999999216,0.015790797463100265
1.0125999999999216,0.01572854881159637
1.0126999999999216,0.0156663005805231
1.0127999999999215,0.015604052769876187
1.0128999999999215,0.01554180193331463
1.0129999999999215,0.015479547423946272
1.0130999999999215,0.015419468798149547
1.0131999999999215,0.015359390636752407
1.0132999999999215,0.015299312939747773
1.0133999999999215,0.015239235707130256
1.0134999999999215,0.015179158938894464
1.0135999999999215,0.015119082635035024
1.0136999999999214,0.015059006795546542
1.0137999999999214,0.014998931420423635
1.0138999999999214,0.014938856509660925
1.0139999999999214,0.014878782063253026
1.0140999999999214,0.0148220446773059
1.0141999999999214,0.014765307729915097
1.0142999999999214,0.014708578318991687
1.0143999999999214,0.014651851437130731
1.0144999999999214,0.01459512492237705
1.0145999999999213,0.01453839877472709
1.0146999999999213,0.01448167299417728
1.0147999999999213,0.014424947580724044
1.0148999999999213,0.014368222534363841
1.0149999999999213,0.014311497855093093
1.0150999999999213,0.014257575016426289
1.0151999999999213,0.014203652526714728
1.0152999999999213,0.014149730385952825
1.0153999999999213,0.014095808594137192
1.0154999999999212,0.014041887151264441
1.0155999999999212,0.01398796585878029
1.0156999999999212,0.013934041898306382
1.0157999999999212,0.013880118311679098
1.0158999999999212,0.013826195098894555
1.0159999999999212,0.01377227225994887
1.0160999999999212,0.013718604029386447
1.0161999999999212,0.013664936170892754
1.0162999999999212,0.013611268684463732
1.0163999999999211,0.013557601570095503
1.0164999999999211,0.013503934827784192
1.0165999999999211,0.013450268457525947
1.0166999999999211,0.013396602459316885
1.016799999999921,0.013342936833153145
1.016899999999921,0.01328927157903085
1.016999999999921,0.013235606602484152
1.017099999999921,0.013178866231777844
1.017199999999921,0.013122126256823817
1.017299999999921,0.013065386677620363
1.017399999999921,0.013008647494163332
1.017499999999921,0.012951908706448585
1.017599999999921,0.01289517031447198
1.017699999999921,0.012838432318229386
1.017799999999921,0.012781694717716655
1.017899999999921,0.012724957512929647
1.017999999999921,0.012668220703864223
1.018099999999921,0.012615741589983595
1.018199999999921,0.012563262842126702
1.018299999999921,0.012510784460286363
1.018399999999921,0.012458316127535389
1.018499999999921,0.012405854656818954
1.018599999999921,0.012353393414815544
1.018699999999921,0.012300932401523655
1.0187999999999209,0.012248471616941805
1.0188999999999209,0.012196011061068485
1.0189999999999209,0.012143550733902204
1.0190999999999208,0.012090322878704124
1.0191999999999208,0.012037095255556591
1.0192999999999208,0.01198386786445868
1.0193999999999208,0.011930640705408883
1.0194999999999208,0.011877413778405675
1.0195999999999208,0.011824187083447546
1.0196999999999208,0.01177096062053298
1.0197999999999208,0.011717718995295452
1.0198999999999208,0.011664474672356819
1.0199999999999207,0.011611230749460345
1.0200999999999207,0.011561836744423723
1.0201999999999207,0.011512443110500816
1.0202999999999207,0.011463049847684386
1.0203999999999207,0.011413656955970254
1.0204999999999207,0.011364264435354234
1.0205999999999207,0.011314872285832148
1.0206999999999207,0.011265480507399814
1.0207999999999207,0.011216089100053046
1.0208999999999206,0.01116669806378767
1.0209999999999206,0.011117307398599492
1.0210999999999206,0.011070457313345385
1.0211999999999206,0.011023620257570409
1.0212999999999206,0.010976783439850684
1.0213999999999206,0.01092994686018439
1.0214999999999206,0.01088311051856972
1.0215999999999206,0.010836274415004853
1.0216999999999206,0.01078943854948798
1.0217999999999205,0.01074260292201728
1.0218999999999205,0.01069576753259094
1.0219999999999205,0.010648932381207147
1.0220999999999205,0.01060415747738966
1.0221999999999205,0.01055938280114271
1.0222999999999205,0.010514608352462923
1.0223999999999205,0.010469834131348563
1.0224999999999205,0.010425061750509263
1.0225999999999205,0.010380294285003632
1.0226999999999205,0.01033552699262217
1.0227999999999204,0.010290759873363876
1.0228999999999204,0.010245992927227745
1.0229999999999204,0.01020122615421277
1.0230999999999204,0.010158206605225166
1.0231999999999204,0.010115187222601992
1.0232999999999204,0.010072168006340896
1.0233999999999204,0.010029148956440914
1.0234999999999204,0.009986130072901079
1.0235999999999204,0.009943111355720421
1.0236999999999203,0.009900092804897983
1.0237999999999203,0.009857074420432791
1.0238999999999203,0.009814048881421972
1.0239999999999203,0.009771014196562866
1.0240999999999203,0.009730496337328467
1.0241999999999203,0.009689978772992115
1.0242999999999203,0.009649461503548578
1.0243999999999203,0.00960894452899464
1.0244999999999203,0.009568427849327075
1.0245999999999202,0.009527911464542673
1.0246999999999202,0.009487395374638212
1.0247999999999202,0.009446879579610474
1.0248999999999202,0.009406364079456234
1.0249999999999202,0.009365848874172278
1.0250999999999202,0.00932475857647132
1.0251999999999202,0.009283668577821362
1.0252999999999202,0.009242587202669374
1.0253999999999202,0.00920151154366432
1.0254999999999201,0.009160436060586587
1.0255999999999201,0.009119360753435047
1.0256999999999201,0.009078285622208556
1.02579999999992,0.009037210666906006
1.02589999999992,0.008996135887526248
1.02599999999992,0.008955061284068162
1.02609999999992,0.008913401819183566
1.02619999999992,0.00887174253272359
1.02629999999992,0.008830083424687567
1.02639999999992,0.008788424495074328
1.02649999999992,0.008746765743882747
1.02659999999992,0.008705107171111672
1.02669999999992,0.008663451487018456
1.02679999999992,0.00862179686936071
1.02689999999992,0.008580142395210079
1.02699999999992,0.008538488064565822
1.02709999999992,0.008498373749598132
1.02719999999992,0.00845825957283148
1.02729999999992,0.00841814553426391
1.02739999999992,0.008378031633894712
1.02749999999992,0.008337917871723171
1.02759999999992,0.008297804247748577
1.02769999999992,0.008257690761970214
1.0277999999999199,0.00821757741438737
1.0278999999999199,0.008177464204999325
1.0279999999999199,0.008137351133805365
1.0280999999999199,0.008099408455846896
1.0281999999999198,0.00806146523124378
1.0282999999999198,0.008023522191299287
1.0283999999999198,0.007985579336012056
1.0284999999999198,0.007947636665380753
1.0285999999999198,0.007909694179404021
1.0286999999999198,0.007871751878080518
1.0287999999999198,0.00783380976140889
1.0288999999999198,0.007795867829387794
1.0289999999999198,0.007757926082015877
1.0290999999999197,0.007720803872150217
1.0291999999999197,0.007683681842944233
1.0292999999999197,0.0076465599943959526
1.0293999999999197,0.007609438326504057
1.0294999999999197,0.00757232399136161
1.0295999999999197,0.007535209900819493
1.0296999999999197,0.007498095919465589
1.0297999999999197,0.007460982047299414
1.0298999999999197,0.007423868284320495
1.0299999999999196,0.007386754630528342
1.0300999999999196,0.007352602984986458
1.0301999999999196,0.007318451439919033
1.0302999999999196,0.007284299995323241
1.0303999999999196,0.007250148651198638
1.0304999999999196,0.007215997407544781
1.0305999999999196,0.0071818462643612295
1.0306999999999196,0.007147695221647538
1.0307999999999196,0.007113544360036832
1.0308999999999195,0.0070793946533186216
1.0309999999999195,0.007045245036111292
1.0310999999999195,0.0070120378780895165
1.0311999999999195,0.0069788308071086075
1.0312999999999195,0.006945623823167473
1.0313999999999195,0.006912416926265764
1.0314999999999195,0.00687921011640314
1.0315999999999195,0.006846003393579261
1.0316999999999195,0.006812796757793781
1.0317999999999194,0.00677959020904636
1.0318999999999194,0.006746383747336656
1.0319999999999194,0.006713177372664327
1.0320999999999194,0.006681742976097719
1.0321999999999194,0.0066503091166886415
1.0322999999999194,0.006618878091832
1.0323999999999194,0.006587447118880983
1.0324999999999194,0.006556016197835461
1.0325999999999194,0.006524585328695307
1.0326999999999193,0.0064931545114603915
1.0327999999999193,0.006461723746130587
1.0328999999999193,0.006430293032705763
1.0329999999999193,0.006398862371185789
1.0330999999999193,0.006367990414865549
1.0331999999999193,0.006337118509527798
1.0332999999999193,0.006306246655171951
1.0333999999999193,0.006275374851797887
1.0334999999999193,0.006244503099405479
1.0335999999999193,0.006213631856885933
1.0336999999999192,0.006182762575124062
1.0337999999999192,0.006151893320664273
1.0338999999999192,0.006121024093506532
1.0339999999999192,0.0060901548936508
1.0340999999999192,0.006060316678251263
1.0341999999999192,0.006030478489242678
1.0342999999999192,0.006000640326624176
1.0343999999999192,0.005970802190395723
1.0344999999999192,0.005940964080557282
1.0345999999999191,0.005911125997108818
1.0346999999999191,0.0058812879400502996
1.0347999999999191,0.00585144990938169
1.034899999999919,0.0058216119051029535
1.034999999999919,0.005791785535850048
1.035099999999919,0.0057633116802867715
1.035199999999919,0.005734837343233757
1.035299999999919,0.005706362524677732
1.035399999999919,0.005677887224606484
1.035499999999919,0.0056494114430078
1.035599999999919,0.005620935179869462
1.035699999999919,0.00559245843517926
1.035799999999919,0.005563981208924973
1.035899999999919,0.005535503501094391
1.035999999999919,0.005507025311675294
1.036099999999919,0.005478810308245399
1.036199999999919,0.005450594827661746
1.036299999999919,0.005422378869912019
1.036399999999919,0.0053941537584491816
1.036499999999919,0.005365900793278409
1.036599999999919,0.005337647730436766
1.036699999999919,0.005309394569923747
1.036799999999919,0.005281141311738845
1.0368999999999189,0.005252887955881558
1.0369999999999189,0.005224634502351372
1.0370999999999189,0.005197592849883094
1.0371999999999189,0.005170551103931485
1.0372999999999188,0.0051435092644950735
1.0373999999999188,0.005116467331573378
1.0374999999999188,0.005089425305165914
1.0375999999999188,0.0050623831852721944
1.0376999999999188,0.005035340971891739
1.0377999999999188,0.005008296306273181
1.0378999999999188,0.004981243893838007
1.0379999999999188,0.004954191496766791
1.0380999999999188,0.004928141721076507
1.0381999999999187,0.004902091960181561
1.0382999999999187,0.004876042214081122
1.0383999999999187,0.00484999248277518
1.0384999999999187,0.004823942766263721
1.0385999999999187,0.004797893064546733
1.0386999999999187,0.0047718433776242014
1.0387999999999187,0.004745793705496117
1.0388999999999187,0.004719744048162467
1.0389999999999187,0.0046936944056232355
1.0390999999999186,0.004669205902422225
1.0391999999999186,0.004644717942565631
1.0392999999999186,0.004620231972043919
1.0393999999999186,0.004595745988848776
1.0394999999999186,0.0045712599929801905
1.0395999999999186,0.004546773984438151
1.0396999999999186,0.0045222879632226525
1.0397999999999186,0.004497801929333679
1.0398999999999186,0.004473315882771225
1.0399999999999185,0.004448829823535278
1.0400999999999185,0.004425383324890059
1.0401999999999185,0.004401936814110239
1.0402999999999185,0.004378490291194962
1.0403999999999185,0.004355043756144214
1.0404999999999185,0.004331597208957994
1.0405999999999185,0.004308150984132442
1.0406999999999185,0.0042847064022421165
1.0407999999999185,0.00426126178642477
1.0408999999999184,0.004237817136680335
1.0409999999999184,0.004214372453008733
1.0410999999999184,0.004191683577881093
1.0411999999999184,0.00416899466992055
1.0412999999999184,0.004146305729126417
1.0413999999999184,0.004123616755498625
1.0414999999999184,0.0041009277490371
1.0415999999999184,0.004078238709741774
1.0416999999999184,0.0040555496376125716
1.0417999999999183,0.004032860532649423
1.0418999999999183,0.004010171394852262
1.0419999999999183,0.003987483410604474
1.0420999999999183,0.003966120845515
1.0421999999999183,0.00394475812858744
1.0422999999999183,0.0039233952598191
1.0423999999999183,0.003902032239208361
1.0424999999999183,0.003880669066753606
1.0425999999999183,0.0038593057424532143
1.0426999999999182,0.0038379422663055666
1.0427999999999182,0.0038165786383090442
1.0428999999999182,0.003795214858462031
1.0429999999999182,0.0037738509267629043
1.0430999999999182,0.0037528186006029426
1.0431999999999182,0.003731786124946025
1.0432999999999182,0.0037107534997902853
1.0433999999999182,0.003689721051816077
1.0434999999999182,0.003668701555830029
1.0435999999999181,0.0036476817565407093
1.0436999999999181,0.003626661653941551
1.0437999999999181,0.0036056412480259905
1.0438999999999181,0.0035846205387874614
1.043999999999918,0.0035635995262193985
1.044099999999918,0.003543266871260309
1.044199999999918,0.0035229339228966625
1.044299999999918,0.003502600681121543
1.044399999999918,0.003482267145928603
1.044499999999918,0.0034619333173114874
1.044599999999918,0.003441599195263845
1.044699999999918,0.0034212647797793247
1.044799999999918,0.0034009300708515767
1.044899999999918,0.0033806036567493743
1.044999999999918,0.0033602775459820413
1.045099999999918,0.003340265784653345
1.045199999999918,0.0033202536245080325
1.045299999999918,0.003300241065533922
1.045399999999918,0.003280228107719093
1.045499999999918,0.003260214751051623
1.045599999999918,0.003240200995519585
1.045699999999918,0.0032201868411110583
1.045799999999918,0.0032001722878141157
1.045899999999918,0.003180157335616834
1.0459999999999179,0.003160141984507287
1.0460999999999179,0.003140864708422318
1.0461999999999179,0.0031215870481204415
1.0462999999999179,0.003102313091408827
1.0463999999999178,0.0030830396825554714
1.0464999999999178,0.0030637658264671594
1.0465999999999178,0.003044491523128326
1.0466999999999178,0.0030252167725234014
1.0467999999999178,0.0030059415746368184
1.0468999999999178,0.002986665929453007
1.0469999999999178,0.0029673898369563965
1.0470999999999178,0.002949639068791677
1.0471999999999178,0.002931887888692321
1.0472999999999177,0.0029141362966427354
1.0473999999999177,0.002896384292628582
1.0474999999999177,0.0028786318766355155
1.0475999999999177,0.0028608790486491986
1.0476999999999177,0.002843193279671229
1.0477999999999177,0.0028255397230138573
1.0478999999999177,0.0028078845004833575
1.0479999999999177,0.0027902276118439225
1.0480999999999177,0.0027734851669417
1.0481999999999176,0.0027567411419202608
1.0482999999999176,0.002739995536555145
1.0483999999999176,0.002723248350622609
1.0484999999999176,0.002706499583898863
1.0485999999999176,0.0026897492361600763
1.0486999999999176,0.002672997307182378
1.0487999999999176,0.0026562437967418526
1.0488999999999176,0.002639488704614541
1.0489999999999176,0.0026227320305764463
1.0490999999999175,0.0026065786558368115
1.0491999999999175,0.002590378242369177
1.0492999999999175,0.0025741774761206824
1.0493999999999175,0.002557976357079802
1.0494999999999175,0.002541774885235013
1.0495999999999175,0.0025255730605747914
1.0496999999999175,0.0025093708830876116
1.0497999999999175,0.002493168352761947
1.0498999999999175,0.002476965469586275
1.0499999999999174,0.002460762233549067
1.0500999999999174,0.0022147101260321742
1.0501999999999174,0.001968652659759642
1.0502999999999174,0.0017225898347462715
1.0503999999999174,0.0014765216508170038
1.0504999999999174,0.0012304557469894916
1.0505999999999174,0.0009843936393078173
1.0506999999999174,0.0007383170120736223
1.0507999999999174,0.0004922258640017217
1.0508999999999173,0.0002461201938067782
1.0509999999999173,2.0330300526317032e-13
